Fallingi)!#⸮16772,1780,-3832,-55,-878,-398
16988,1904,-3796,-1373,60,-422
16692,1776,-3572,-306,-126,-139
16732,2040,-3472,-727,-5,16
17060,2140,-3400,-1154,561,-199
16772,2172,-3020,-1894,453,83
16692,1244,-3888,201,339,-575
16276,1772,-3828,-1365,290,129
16556,2260,-3332,-4105,65,1842
17836,2832,-1868,-7153,68,3187
17832,1168,-2100,-6522,2730,2987
17184,1040,-2104,-3607,1069,2895
16652,400,-1504,-3151,687,2175
17356,-460,-964,-374,1161,1774
17464,1408,-784,-9950,4796,3499
16820,-956,268,-2849,2094,2103
17052,-720,-188,-1032,1533,1163
17520,-1024,-112,-926,1737,1163
17280,-1748,-384,3624,1480,952
17176,-1496,832,2485,251,441
16968,-2008,1224,1447,-519,923
16224,-2720,1636,3008,-954,620
16964,-2108,1072,2794,-480,449
17272,-1700,880,-285,-40,938
16216,-2816,1132,-1512,34,788
17052,-2576,1396,-1464,707,2324
16480,-3680,1872,151,-821,453
16664,-4836,1184,-1621,-1543,24
16384,-5056,568,643,-931,-940
16796,-5384,-68,-1640,-647,-283
17076,-4852,80,2952,791,1383
16920,-4732,476,2254,1213,573
16532,-4624,468,2900,2472,-78
15300,-4364,1812,2164,2539,-828
15936,-5096,2528,-397,1777,-1146
16808,-2644,5072,-2081,1427,-1492
15924,-2852,2992,-1509,954,-2687
16636,-2084,3440,-20,3561,-1767
17632,-1944,2984,3099,-836,-3628
16128,-748,5184,2441,-2334,-1146
16992,-988,4252,3402,-161,-1275
15188,-280,6260,1966,1533,-1744
15056,-116,5588,4160,1854,478
13312,484,3352,2351,2996,1982
13580,1868,948,4386,4782,1064
17996,-4216,4704,-15520,15010,-7642
10092,-5100,11108,-7867,8836,-6370
14492,10200,11008,-12729,1336,5313
14772,12588,13484,-6860,3890,24017
23944,-2712,9908,-12523,-4790,22286
11268,-28840,-12764,20322,-12261,31864
-32768,14912,32767,-32768,-1171,13494
-8888,-10988,1960,-7322,1464,22335
-7840,-8192,-8412,-14256,-21209,12223
-7668,-7808,-1236,11708,-6456,-319
-10860,-16080,1152,498,-1341,-11583
-968,-12068,2028,742,-10036,-13476
-12,-19084,4452,252,-218,-4416
-1012,-20424,9988,-2908,-238,1044
476,-16708,5812,199,651,243
2268,-14548,5684,1972,-5404,-3447
2808,-6828,672,7315,-18587,-20219
32767,-32768,32767,32767,20191,8709
3740,-15024,14656,-3035,3483,2056
12568,-9828,5896,506,-3558,-6154
12972,-8796,7776,6244,-1397,-8008
14056,-7848,8476,198,3750,722
11840,-9816,9396,-831,-1079,761
11712,-9312,8268,-958,99,377
10584,-9424,8336,646,-737,-1039
11692,-9736,8744,-279,290,56
11496,-8972,8372,-458,-81,89
11352,-9792,8732,-463,33,249
11484,-9192,8556,-183,-172,-181
11448,-9532,8720,-546,-140,180
11756,-8812,8348,32,-83,-439
11588,-9280,8792,-904,205,1073
11252,-9872,8540,-775,101,1183
10668,-10540,8324,-764,-212,1056
10708,-10240,8088,34,-285,-401
10812,-10276,8516,-97,-413,-526
11216,-10004,8068,-181,261,-118
10908,-9952,8812,-719,-10,808
10940,-10288,8252,-114,-206,-326
11152,-9992,8460,-278,19,-54
10620,-10456,8160,-62,-265,-449
10732,-10140,8752,-469,48,433
10608,-10908,8196,-129,-436,-421
11156,-10372,8108,-878,-579,-223
9312,-10684,9888,-2625,-432,768
9852,-11460,8380,-468,-2,-403
11260,-10340,7708,-1084,-594,-124
12572,-12564,8176,-4453,-4115,1707
10948,-13892,6984,-1348,3460,3397
10100,-12588,5068,-1710,4706,3502
6932,-14568,7764,-2082,3772,4516
5468,-10804,3296,-629,1836,2486
5100,-16116,5620,938,-423,1727
6500,-12928,5076,2009,-1662,-431
6244,-9992,5692,-2086,-414,-3363
5384,-15060,5976,-3407,-2093,-1608
9380,-12496,3996,2003,4644,-5442
2536,-24284,10480,2725,9124,-6350
5420,-18524,17588,15102,-4929,-12341
6560,-6744,7936,1616,-694,-5801
9112,-5816,9032,-2128,-1159,-5832
16104,-9672,10736,5622,-3792,-11647
13992,-7620,4172,11348,2115,-13070
9752,1052,11412,6722,2708,-8708
5184,5696,12236,3777,-2020,-5447
2676,27212,32767,-6873,-3398,-23009
8096,14904,16304,1211,-5108,-6234
14872,6976,14892,-8435,3366,-4242
6860,-848,10044,-568,-12411,-4849
11500,4480,12508,-13134,-8458,1190
12676,2216,9596,1060,-5944,-1595
12780,1012,10228,-7396,-6910,4095
12424,-1912,4872,-13758,-9453,6778
18236,-824,9344,54,-8571,2620
17576,-1680,4648,-942,-8027,4810
23156,-10284,-12448,2674,-30878,-7105
19808,1700,1432,168,5219,8212
11464,-3324,3940,10380,5834,4372
16092,-4320,6632,2688,-81,-10999
10360,-540,8580,13109,6749,-3727
17144,-340,3784,-861,5984,-7308
15172,968,6804,3814,556,-7661
11056,4908,10816,3459,861,-10045
2652,10660,19420,18805,-15322,-18255
18072,10656,-1016,-32768,-28626,417
17740,4036,-3968,-14648,-10409,-6544
10212,9676,2368,8949,-3002,-6160
11408,10512,5332,41,1606,2536
12924,10700,4008,6118,5067,8224
14916,9496,796,5500,-3131,4310
15568,14152,-3784,7901,4556,4654
11220,3244,-2664,-1929,10419,9851
14680,196,2284,-1117,1213,1521
15352,7256,1336,18428,14647,-7093
12952,6472,6548,224,5799,3152
12892,7240,7044,-1105,-416,5654
14504,5080,4520,-2084,-1207,6305
14920,4360,4740,-2530,1010,220
17692,6476,5132,-9687,4573,-789
15340,2124,5984,-14263,1125,994
15400,1796,4968,-6217,-2056,-851
16060,3028,4868,-5641,-583,1571
15132,3388,5452,-2324,-2279,245
16296,1476,4360,-6761,-701,2687
17120,2096,5992,-5298,633,2856
17072,8,5176,-957,-3531,529
14828,-724,4284,-122,-3222,1208
16452,848,6816,1123,-3639,-2530
16424,3884,5328,-15689,7294,12164
12092,-3636,3196,-1818,-1295,916
9876,-3740,4528,1048,-167,5342
14004,-4352,5340,-5260,-1611,3940
18616,-380,980,-3024,5966,341
16036,-1180,3708,13279,11294,-4795
9148,140,2520,15709,-19528,-1662
-4092,-22732,-3128,-25822,-32768,-3555
-25192,-32768,32767,32767,-10181,32767
16452,-28944,-2896,-32768,19427,-17530
-4956,22372,3560,32255,32767,32767
18568,-22180,8900,-32768,32767,-32768
4784,-32768,12160,-20582,-3099,-5379
10924,-11880,3008,-17227,-7132,-3518
7892,-7608,1408,7812,-1661,6349
7864,-14084,2888,-403,-2475,-5436
6888,-15164,4140,-2382,-1901,-8767
10832,-12184,2548,-2764,915,-4842
9648,-13576,4292,-123,392,1658
9620,-13252,4484,-266,116,1278
8756,-13576,4060,-1038,-1530,1199
9980,-12560,6384,-1837,-2531,-766
9016,-11900,2400,-399,811,-772
11300,-13128,4280,3498,2203,-34
7980,-14600,5628,77,-495,-274
8696,-13312,4920,-113,144,-807
9108,-13316,5092,-159,-50,-1255
10424,-12192,2492,-2173,-3999,-3858
9792,-13488,5148,-1090,-794,-2121
9704,-13156,4728,-393,99,-874
9540,-12332,4456,-706,90,-986
9604,-12644,5580,-55,-390,-641
10952,-12436,4000,-1396,-176,-1897
10884,-12344,4572,-1297,310,-1758
10860,-12424,4224,-1260,831,-1439
10460,-12888,5216,-756,149,-684
10624,-13124,4556,-611,-388,-31
11072,-12160,3512,-310,812,1045
9932,-13088,4632,-168,720,168
9524,-13308,5640,-406,-583,119
9788,-12752,4640,-476,-160,-1169
10080,-12516,3676,1325,1255,67
10256,-12644,5084,-912,357,-2367
10652,-12224,4500,-666,447,-1165
10400,-12556,4820,-97,500,-171
11104,-12340,4836,-292,776,-404
10652,-12248,4664,108,630,63
10560,-12528,5208,-243,-40,-96
11492,-12780,4664,-1606,-482,-1645
10668,-12396,5660,134,865,-1223
10828,-12268,5116,-1347,32,-1616
10848,-12188,5132,-300,324,-599
10648,-12360,5056,25,262,-430
10740,-12260,5116,73,374,113
10740,-12164,5336,-310,-64,-285
10944,-12048,5220,-139,324,58
10856,-12256,5244,-333,-73,-734
10864,-11976,5128,-379,-164,-103
10920,-11988,5208,-267,78,-53
10816,-11940,5296,-238,15,40
10760,-11952,5132,-127,269,322
10708,-12056,5304,-231,-174,-66
10716,-12284,5436,-418,-352,-507
10716,-11964,5100,-433,-338,-125
10844,-12100,4940,-244,-156,-463
10760,-12112,5104,-392,-321,-1090
11776,-11220,5912,773,1012,-2740
11660,-11440,5140,-341,-370,203
11184,-11624,5360,-226,-632,560
11928,-11680,4980,-96,-871,277
11684,-11408,4560,-651,-154,406
11040,-12232,4892,-342,-355,1867
11048,-12044,5144,-323,-304,1670
11044,-12096,4524,-651,-636,926
10676,-12912,4756,387,239,1827
9804,-12880,5016,-140,-406,466
10324,-12808,4036,571,1084,291
9784,-12968,4200,38,-161,-995
10040,-13228,6348,-1174,-1041,-2179
10792,-12492,4568,-1104,152,-1235
10404,-12664,4452,-343,451,-744
9988,-12388,5728,1988,413,2762
10296,-12396,4900,-540,-267,-390
9496,-12972,5372,-182,-799,1071
10076,-12744,5020,-83,-87,297
9876,-12748,6924,-489,-279,-1034
9384,-13128,5468,-847,60,-1609
9436,-10080,7452,-1922,-186,-1433
11620,-11372,7876,-5666,-5137,-3819
17696,-14192,-4652,-8441,-7511,3420
2912,-17144,4216,3060,10352,19400
2012,-14068,3104,-3145,469,-3746
5584,-10536,7288,11152,6702,-153
5108,-7940,12280,11633,-1291,-1272
12544,-4296,14968,3702,-2912,-3937
12868,-12168,12420,-6823,5367,-3642
6744,-5028,12748,941,4667,-11771
8444,-10896,8772,-1071,110,-7718
12448,-10964,6756,8481,8185,-14891
9108,-3748,12136,-5226,10488,165
1196,-6900,14864,-15749,-5794,-1123
8768,-10096,14544,-15254,-11846,5148
26968,5492,-8824,15155,-32768,-30699
30832,-6428,2944,2230,15849,-4040
22588,-6592,6876,11787,19267,-2383
10976,-7828,9944,-4248,8491,3718
8032,-7968,6728,-5914,1050,8817
15492,-9288,6360,-4841,11958,6993
5028,-13936,13220,4736,3565,3944
4348,-7120,13180,2533,4544,3285
5564,-9380,11000,696,1592,6723
4516,-10420,13004,-87,921,-257
5728,-7860,14336,8694,1376,-1730
4032,-7560,13484,4129,2719,-3738
6176,-6168,17460,-3165,2946,-4628
6204,-7464,15884,-3401,5489,-8049
7112,-5800,16932,-1192,-4243,-5541
12052,-5120,13180,1416,-8724,-3821
13020,-2440,12256,-1287,761,-657
14616,1668,868,5546,11985,1704
7676,-5752,14048,19456,5570,3743
7668,-328,11616,15151,1264,-10356
8260,-1400,14348,17160,-2985,-9361
8140,-496,13368,183,54,5973
7344,-1216,13776,145,902,-5675
2604,1948,12932,-7881,-9388,-2812
10508,-1508,13380,3952,-6017,-4780
10968,-580,12776,-2826,-5989,-3975
12220,-468,13112,-2785,-4535,-4257
11400,128,11660,1061,-1413,1494
11972,1360,12104,3344,209,-4517
12456,2060,11740,2758,-974,-2506
13296,2928,11712,871,-5113,-2214
13944,2712,10096,-108,-1597,3011
-1036,-32768,17328,-30714,2869,18370
9976,-4780,12972,7364,3997,16194
12884,-8036,7052,21331,-10061,5678
12644,-4092,12708,3985,-1203,-4299
18236,-6608,10320,-8642,-159,-10209
13188,-2448,8692,-16094,-23563,-3469
17140,-1368,7464,3350,-191,-8604
15992,-984,9764,-2856,-645,3236
14528,-2164,9560,-938,-2937,-2321
15436,-1788,6876,-6430,-5620,-2934
16724,-2972,4864,-2699,156,-690
14112,1032,10892,10682,17173,2459
14960,-3780,7576,2320,-2196,758
14312,1976,7916,-5104,-319,-1680
13528,-1740,10044,-3423,-902,1779
13272,-1840,8380,-834,-5980,1598
15836,492,5820,-674,-9453,-1451
17748,-940,4412,-6382,-5130,2396
16720,-2876,3980,-5901,-2545,2585
14656,-5596,2688,2976,-6268,-202
17308,-340,904,-6150,4266,2596
18284,-2468,564,-7148,1336,-552
18728,-2996,2736,292,-1432,-1914
18092,-1588,2688,2005,-1657,-802
17924,-1740,2052,-10321,4077,5425
17140,-3896,1772,-2492,19,874
16668,-5116,744,3028,-1730,-2068
15856,-3312,428,2367,-2441,-2314
14908,-7080,2196,-9874,2294,2950
18452,-5148,1776,-2071,2089,-3269
16960,-2664,2308,5083,-650,-3510
16468,-1904,2144,1522,-2335,963
16852,-2716,1292,2631,-1365,-180
16908,-1452,960,650,-471,-1648
17284,-1624,1304,-1905,-1249,-1529
16816,-2560,1248,641,-1976,-2503
16200,-3180,660,5753,-1673,-4064
16636,-852,324,3588,-736,-1433
16684,-324,3784,-7948,3052,2132
15688,64,2376,1344,3047,-1277
15116,-792,12,1371,1481,551
20188,-840,-592,-2398,3760,-658
14764,-2592,1872,8011,2903,-4484
13092,340,3240,5265,-1537,-3436
19368,3192,3752,2430,-4018,-1241
15076,2368,4604,9823,99,2603
15172,-10856,16688,20678,-31617,-1619
12008,1900,-9968,29627,-4291,5595
22392,6436,-8772,16074,13251,15401
14400,5444,-104,13430,10540,9234
7144,-11080,3760,8548,10474,12598
11528,-1556,10396,19061,28291,19810
11228,448,32767,-18419,-32768,-25875
11900,-9980,5428,-22025,-10661,19128
7400,-14404,2496,10700,17322,4641
-2760,-10220,15572,16899,-1124,-13229
8900,-3816,11084,4331,-5842,-8416
13316,-1800,13432,1722,-3863,7909
12088,-8708,14712,2869,-7092,3031
10152,-5780,11448,-672,-2537,4374
10748,-3632,8924,-3242,-7774,2722
10892,-7740,10276,-1218,662,4102
11436,-9676,8900,-4212,-1215,3825
10748,-9760,9996,1208,-42,-45
11144,-10664,9492,567,-1759,169
12256,-8420,9800,414,148,-1295
10524,-8984,9116,-698,1311,-792
11080,-8356,9984,849,-207,-893
11072,-8460,10060,-667,36,109
11060,-9360,9348,-573,-82,11
11460,-8404,10020,139,385,-900
10768,-8468,9844,-543,403,-369
10784,-9032,9896,-517,-143,-52
11048,-8416,10020,124,25,-595
11300,-8424,10168,-1856,1297,-681
10740,-8168,9992,-140,350,-978
11352,-8344,10464,415,-449,-867
11372,-8096,9836,895,489,-1469
10832,-8452,10412,-572,679,-803
10596,-8148,10372,333,623,-947
10976,-7568,10712,79,376,-742
12164,-7580,11124,-1384,606,-682
12128,-8784,11228,-760,4143,-1704
10184,-8128,12772,-2764,7027,-1185
8580,-7512,10744,-2076,6629,2382
5580,-8124,10684,2761,800,-78
7996,-6732,10680,1525,-581,-1758
9444,-8172,14744,-1623,-402,1011
8552,-11172,19216,2593,-7928,-57
6816,-13664,9380,2497,506,-2229
8924,-3208,10420,9647,-3902,-7815
9096,-3360,13372,-8549,-2718,-2647
7208,-1024,13216,204,-4190,-246
16316,-4388,5236,-8285,-7881,2876
18484,-14228,3156,-2361,4190,-1282
11448,-5688,6196,2553,9010,-2507
10204,920,10380,4920,-12584,8853
13264,-7812,12436,5337,-4940,-11789
15768,5392,2788,3947,-6837,-9851
24992,5264,6148,-5126,-10211,7345
14516,-4184,8272,1299,2467,-186
13872,-4028,8460,-2551,4322,-7957
16372,4624,6232,-3277,1013,-5509
19300,-260,6168,-8093,3269,-6698
14960,7772,7828,-5068,2165,-13008
16512,1720,7180,-10581,498,-4353
15228,2416,3576,-718,-1415,-8670
12968,7384,4032,4193,-9147,-1477
22476,16116,2724,-7369,-5361,4008
12684,-2992,13816,-23937,-1980,11672
15424,2080,11028,-764,-8255,-5679
11476,784,8932,1289,-170,33
10880,-1620,5740,5986,461,2115
12448,248,6068,-290,1053,3892
21808,-2452,4200,-13013,10526,2866
13976,-352,8612,6199,1151,371
12400,3364,9640,-2339,963,1525
12120,2420,10232,-1750,1210,1393
13048,2720,9936,-3265,-320,-1485
16288,-852,10744,-291,358,-2571
12748,1496,10940,5708,-1908,2744
13360,1044,9692,-977,-5230,6656
14936,-2128,9284,-5168,1083,8620
13744,-4920,8508,435,-2142,3819
13460,-3888,7592,5895,-2427,4306
13572,1932,7708,3142,-602,7945
-1020,-3844,11548,-14524,4819,13369
10436,-8004,1104,-6321,1872,13401
9716,-7336,17220,16118,7502,20703
-3316,-25016,17056,18873,21782,32767
4260,-19028,15768,-2516,10109,-32768
3180,-23296,10560,-7302,2886,9339
8060,-9120,8800,5172,4533,-2388
7940,-5776,7384,-422,-4745,-11949
6160,-8256,13256,2852,-3304,235
6696,-8648,10540,-5510,-6445,6635
5732,-12176,10852,-1113,3576,58
4864,-12492,9812,3610,-18,3712
3204,-11688,15020,21003,-3222,-11020
7588,-5556,16928,11247,-5908,-12453
11600,-4536,14552,-6551,-2589,1338
9748,-6648,10748,-374,600,717
8816,-7004,14632,2743,-334,122
10064,-6520,12656,1350,2019,-440
8552,-4712,14424,-4436,-269,-130
10636,-7452,11796,-7120,815,460
6256,-8108,12496,-5918,1458,2771
8356,-9376,11484,-516,-89,176
7936,-8984,12356,-1380,-649,-99
8284,-8908,11576,-3000,489,558
9288,-9884,11704,-7310,3845,914
7740,-10740,9092,-11732,979,1050
6460,-12236,8560,-4646,4119,-2364
6920,-13528,7900,-2522,-21,1307
5736,-14292,7828,661,-264,-831
6196,-12580,8716,2126,-711,-382
6856,-13256,8952,1191,-541,242
7128,-12260,10412,2237,-1280,-1199
7080,-11412,7764,1838,-2396,-2523
7692,-10928,10316,427,-2398,-1433
8284,-11480,9724,3313,-2,-78
8356,-11416,9656,3416,-443,582
8476,-10152,10668,4227,-11,659
8140,-10264,11404,3996,-85,-954
7868,-8844,11808,308,-1934,-344
8572,-8600,11840,1673,-793,-115
8620,-8576,12012,153,-384,-336
8568,-8892,11392,-333,657,239
8284,-9252,12320,678,3595,-1273
7164,-8648,13156,267,1792,-689
7640,-8908,12956,-719,-171,178
7452,-9200,12704,-643,-620,188
7804,-6964,12404,131,1038,1539
6996,-9160,12640,-87,528,-855
6744,-9532,12880,432,1036,-1198
6520,-8780,12952,-421,-550,580
7112,-8904,12900,-44,109,-279
6608,-8764,12932,-101,602,-1214
6800,-8780,12844,-784,-640,445
6644,-9056,12816,-562,-675,-26
6884,-8940,12652,-757,-178,203
6804,-8808,12644,509,-183,-405
7004,-8960,12480,-461,-333,-244
6960,-9240,12560,-619,-1015,-223
7088,-9288,12264,-756,-1325,672
6976,-9360,12332,1197,614,626
6904,-9476,12716,477,664,27
6712,-8980,13076,-178,-221,-17
6544,-9820,12636,1610,-697,-136
7296,-9196,14800,1517,-594,-349
8096,-7344,11632,65,-81,751
6000,-10092,13052,-3628,511,1796
8288,-11344,12680,-210,-1501,1019
8256,-10788,10684,7940,2070,-2221
4972,-4888,11248,7582,2971,-2480
3444,-10492,11212,4138,-2437,-4799
6960,-4208,14932,13529,3298,-7596
13352,200,18808,-10715,7792,2168
2368,-8092,14256,-3791,19560,-3192
-5520,-44,24436,-32768,32767,-32768
6736,-8616,16856,-16432,-5619,-4990
15992,-9052,972,32767,4235,12313
7016,-6856,13008,2581,1545,-3784
8196,2956,14084,4614,-3825,-538
10348,3508,13172,6164,7255,-2535
5648,3364,16572,4221,8093,-7517
4552,-1168,14672,2347,7614,-6906
344,3356,13056,6287,4602,-6533
3028,4188,14648,2852,-6874,-3381
4524,3248,14152,-5369,-9492,-4076
5972,10888,19116,5114,-8895,839
8592,13676,15008,1379,-3898,1548
12088,6000,18024,2338,-6335,6658
7828,396,10680,-1231,-6702,-2612
7728,6856,13132,2209,-1327,-2286
9700,11628,10328,15526,-12257,7943
8996,14256,10620,7712,4886,-5778
11868,12396,7672,4117,4676,-7253
7936,12620,8792,3787,852,-7091
8312,11892,7088,1698,3319,-9537
2660,16228,13360,-5704,-5701,-4996
4152,14712,14324,-2326,-3785,-3192
2156,12148,8648,371,3269,426
4448,9952,8348,2069,3733,1556
5276,10868,6640,1505,3672,-91
5172,13584,9348,2824,959,3249
3448,10408,10412,-66,544,3639
2312,11364,14532,-1117,-3935,2050
8288,11388,7696,2577,2479,3345
6996,10324,10860,885,435,2423
7256,9036,13216,-660,4132,2109
5760,10128,11292,-629,-1831,884
6184,12924,11444,528,-11971,15493
13132,6240,8428,2788,-3207,5284
13728,7708,9016,397,-718,-2043
10908,9544,8628,514,4226,-7974
10880,11672,7616,-2175,45,369
9500,12292,7556,771,2929,5545
12052,9940,6780,4799,3539,5164
10168,10468,7484,5083,2728,2075
12896,8984,8364,-2568,237,4167
13192,9144,9956,-5878,-2246,4444
12376,6028,9816,-3516,-5547,774
13104,3944,7392,65,-543,812
9164,4180,8724,-2596,3401,2097
13940,5656,9132,406,-4083,205
15404,5396,9312,3093,-139,991
11904,5900,8860,-3052,2459,4672
8680,1192,6324,-23541,9097,9378
13500,4812,13388,-1928,-7531,8703
13092,1244,9740,4542,-8863,10551
17920,-5308,9892,-5364,-9375,21790
13780,-14216,-1684,-4600,6137,21027
13056,4816,6324,-2378,6837,24147
-5008,-18264,25348,-31128,-1092,-18867
9400,-16652,11492,-9752,7072,8231
3724,-14232,8048,814,7008,-721
972,-11740,8100,-957,790,1157
1704,-11568,9720,-2353,-850,3076
1608,-12632,9332,-882,-1627,-1223
3076,-16536,9496,3706,-6738,-7687
4576,-12276,12168,64,38,-519
4832,-14972,9816,-1298,2034,-427
3088,-13400,11484,-529,1020,2926
4856,-11636,10152,-6987,2988,-1573
4464,-14792,7684,6076,5473,1690
1956,-8488,11048,5451,-260,2574
3424,-10536,10096,20694,-11085,-136
7740,-7820,9248,8427,-21092,-5932
8508,-12176,26652,-3595,747,4646
12080,-8004,7360,-10800,3347,-1152
8480,-5188,10992,-3982,6665,-6159
5564,-8332,15052,6749,6952,-14161
5224,-4448,18236,-817,-10056,5113
9612,-4536,12192,226,-182,-623
7740,-4168,14600,-131,-356,2065
7636,-4852,14080,-2335,-3143,3978
7576,-5508,13852,777,467,-254
7752,-6616,13692,-222,709,-807
7636,-6120,14052,403,865,-1845
7844,-5780,14196,749,155,-1531
7480,-5708,14264,-349,388,-256
7640,-5164,13932,-859,-386,938
7840,-5800,14184,-747,-848,1115
7656,-5916,13512,-349,-138,749
7580,-6044,14136,-113,334,-892
7500,-6036,13800,845,1470,-1737
7416,-5264,14464,507,1125,-608
7232,-5420,14608,25,352,9
6976,-5304,14496,111,382,359
6976,-5268,14884,-310,-55,229
6884,-5752,14876,128,144,-523
6812,-5300,14532,-218,-3,-741
7128,-5272,14760,120,7,-691
6772,-4888,14732,-371,-225,234
7140,-5304,14904,-583,-726,609
7032,-5364,15024,-578,-914,236
7164,-5596,14236,-561,-713,-46
7416,-5768,14728,-273,-236,-358
7392,-5340,14512,-630,-328,-176
7416,-5876,13720,-373,154,-274
7752,-4980,14360,-927,-336,117
7448,-6256,14524,859,494,-565
7212,-5084,14336,-41,168,-120
7180,-6076,14416,-20,442,-948
7192,-5304,14208,-49,469,-154
7100,-5428,14928,-168,-263,42
6888,-5432,14076,-8,-364,-227
7724,-5088,14976,-779,-925,-149
7432,-5632,14320,-227,-249,-283
6976,-5952,13892,1575,1045,-136
7196,-3476,15432,-616,-1915,619
8016,-7440,13728,-1255,-681,-1078
7716,-4808,14536,2746,4399,386
7720,-4564,15192,-776,1163,-540
7032,-5708,14088,353,1450,-23
7748,-4432,14368,-429,-125,259
7572,-5916,14532,-163,-20,-43
7540,-4492,14856,-1610,-2727,2961
7368,-5744,14520,-845,750,-53
7884,-5728,14140,-792,92,-378
5508,-5868,14268,2122,-516,-1611
10240,1728,14900,-2190,-1115,-7437
8468,-6444,14804,-2905,1921,-2274
8072,-4832,14488,-595,31,-12
8212,-5376,15464,714,-1185,1124
7516,-4704,14012,602,-484,1327
7000,-4764,14456,-894,-263,-567
7672,-6060,14208,-1,-168,-925
6912,-3936,14896,22,109,-511
8276,-4588,14364,-1005,26,-604
7924,-5504,14464,806,-15,296
7512,-4628,14180,1064,327,159
7340,-4272,15032,792,358,-301
7312,-3632,15188,-86,-157,-141
7460,-4636,14924,-828,-417,-43
7376,-4560,14428,187,-13,-243
7660,-4016,14564,-539,-127,-419
