Sitting
⸮)ia⸮10800,-6588,11596,-602,466,67
10200,-6780,11860,-451,383,679
10408,-6668,11348,-411,1376,2044
9980,-7956,11700,-1421,1145,1378
9880,-6540,11528,-1094,288,609
8728,-10372,12520,-2517,-543,372
9900,-7760,11704,-703,213,308
9652,-8400,11624,303,49,-333
10136,-7964,9424,-1086,343,783
9608,-9080,10880,78,-2298,-1177
9888,-9444,10464,-676,-1365,-483
8984,-8768,11640,-478,-2023,-560
11944,-8252,9272,1022,-2062,1055
11264,-8568,10328,-1245,219,-408
9412,-9148,11132,-1084,114,-474
10684,-8368,9908,248,-738,-207
10412,-8580,10476,-1076,698,-46
10012,-8832,10620,-958,66,-301
10188,-8764,10440,-873,-239,-159
10376,-9024,10336,-836,-207,-93
10444,-9404,10332,-564,70,9
9348,-9612,9532,-1130,321,85
10268,-9136,9880,-1112,-766,651
10608,-9536,10236,-1791,635,1399
9372,-9120,10672,463,1,-763
10076,-9404,10116,206,-504,-944
10704,-10172,9952,-274,-461,140
9948,-9468,11084,47,236,-93
10112,-9328,9924,1056,-447,-569
10244,-9584,9844,-393,-269,-114
10044,-9404,10208,-1317,-279,-152
10332,-9700,10152,-571,-401,-128
10296,-9672,10328,-117,238,-301
10016,-9276,9588,-226,45,-570
10192,-9516,10268,-108,-64,-189
10276,-9280,9932,-145,-127,-296
10028,-9420,10088,-104,-182,-191
10304,-9356,10144,-129,-173,-119
10192,-9336,10080,-313,-99,-272
10068,-9192,10116,-633,-35,-102
10044,-9532,10060,-631,-563,29
10552,-9552,10328,503,-222,62
10248,-8824,9896,347,153,-298
10172,-9236,10112,-314,231,-359
10156,-9360,10312,-171,-61,-370
10264,-9344,10140,150,-197,-486
10040,-9148,10008,-396,-134,-143
10376,-9060,10092,-498,-227,29
10428,-9308,9940,-265,-40,-177
10156,-9148,10036,-360,-26,-148
10480,-9300,10144,-291,-13,-131
10188,-9292,10196,-189,-62,-189
10212,-9188,10048,-357,-133,-110
10356,-9320,10036,-347,-96,-158
10228,-9536,10184,-296,-51,-100
10316,-9192,10348,-159,-170,-133
10384,-9388,9916,-315,-17,-190
10112,-9492,10020,-189,-77,-203
10264,-9228,10244,-244,-132,-146
10368,-9336,9948,-214,-2,-209
10140,-9352,10016,-249,-195,-232
10204,-9536,10068,-315,-75,-116
10172,-9404,10140,-351,-45,-129
10008,-9292,10424,-345,341,-6
10144,-9364,10276,-306,30,-212
10268,-9456,9856,-161,67,-199
10332,-9296,10160,-374,299,-11
9960,-9240,10308,-355,30,-121
10088,-9516,10080,-135,-49,-139
10104,-9428,10112,-221,-84,-189
10060,-9492,10028,-124,-47,-193
10004,-9480,10004,-326,-80,-141
10052,-9328,10060,-325,-89,-88
9996,-9552,10092,-198,-67,-107
10088,-9464,9964,-197,-19,-115
10028,-9460,10084,-436,-156,-178
10128,-9452,10152,101,29,-251
10096,-9196,10012,-216,-47,-137
10108,-9592,10004,-119,45,-170
10000,-9344,10004,-171,-44,-229
10052,-9476,10176,-303,-130,-154
9976,-9548,10168,-241,-125,-107
10128,-9456,10252,-131,-1,-166
10060,-9440,10164,-145,-80,-198
10036,-9524,10068,-188,-20,-208
10060,-9540,10268,-236,0,-193
10032,-9376,10080,-248,-47,-152
10012,-9556,10208,-259,-288,-219
10156,-9544,10140,-163,-103,-255
9912,-9588,10184,-251,-38,-218
9976,-9656,10168,-333,-162,-159
10048,-9400,10168,-233,-147,-147
10048,-9460,10136,-351,-72,-118
10204,-9480,10232,-10,-20,-208
10064,-9528,10092,-53,-76,-236
10008,-9400,10224,-145,-128,-285
9908,-9576,10168,-183,-153,-233
10036,-9420,10048,-279,-53,-150
10044,-9528,10280,-277,-37,-115
10056,-9416,10148,-292,-83,-125
9964,-9428,10424,-340,-172,-174
10104,-9400,10064,-171,71,-163
9948,-9464,10272,-245,-199,-208
9980,-9488,10348,-313,-52,-167
10000,-9316,10076,-236,-136,-142
9948,-9504,9964,-282,-120,-126
9924,-9428,10264,-275,-136,-134
10200,-9352,9988,-305,-11,-172
9956,-9404,10288,-231,-204,-133
10048,-9544,10032,-267,-45,-125
10048,-9544,10236,-287,-183,-182
9988,-9556,10208,-301,-161,-157
9956,-9456,10044,-324,-228,-87
10044,-9404,10104,-280,4,-89
10040,-9520,10264,-66,-53,-216
10020,-9432,10024,-141,33,-178
10028,-9624,10060,-159,-29,-211
10004,-9416,10156,-105,60,-185
9972,-9508,10236,-166,-57,-187
10004,-9548,10064,-311,-27,-149
9960,-9680,10212,-180,-77,-161
10072,-9368,10256,-234,-46,-169
9980,-9476,10084,-186,20,-226
10016,-9584,10084,-241,-101,-211
10064,-9656,9952,-198,1,-183
9888,-9564,10232,-303,-212,-160
10016,-9524,10052,-282,11,-68
9800,-9560,10192,-310,-169,-133
10012,-9544,10184,-241,21,-129
9916,-9348,10032,-291,-33,-163
9988,-9488,10124,-280,-101,-186
9972,-9496,10172,-233,-117,-137
10104,-9476,9992,-242,-28,-140
9964,-9416,10300,-300,-118,-254
9952,-9432,10144,-441,-216,-148
9928,-9516,9856,-318,-222,-208
9904,-9472,9984,-347,-191,-142
10012,-9396,10184,-315,-262,-193
9932,-9500,10096,-399,-171,-156
9916,-9604,10176,-269,-56,-161
9976,-9604,10044,-299,-85,-116
10080,-9688,10192,-303,-143,-156
9948,-9440,9996,-197,-14,-170
9852,-9560,10024,-254,-78,-138
9960,-9428,10080,-209,-70,-161
10124,-9572,10212,-231,-70,-139
9900,-9504,10092,-178,-71,-201
9968,-9372,10180,-220,-34,-176
9956,-9508,10204,-164,-36,-198
9932,-9424,10076,-268,-54,-182
9864,-9648,10300,-198,-53,-175
10116,-9384,9768,-68,-71,-186
9984,-9400,10088,-164,-99,-199
9984,-9516,10036,-215,-129,-183
10024,-9548,10028,-199,-157,-177
9844,-9424,10132,-264,-87,-118
9908,-9612,10068,-248,-50,-132
9916,-9484,10136,-341,-117,-139
10000,-9480,10128,-164,-3,-110
9840,-9572,10144,-196,-75,-185
9976,-9520,10144,-173,-31,-222
9940,-9532,9968,-252,62,-186
9960,-9576,10180,-128,71,-198
9888,-9440,10220,-148,-8,-163
9928,-9552,10172,-284,-72,-218
9924,-9572,10268,-229,-50,-214
9908,-9424,10244,-227,-75,-168
9972,-9496,10176,-295,-19,-201
9952,-9648,10040,-290,-142,-192
9980,-9584,10052,-266,-65,-164
9792,-9348,10204,-480,-95,-207
9796,-10036,9920,-643,-165,-28
9972,-9512,10064,156,-469,-179
9756,-9200,10140,-507,30,-47
9932,-9548,10416,-515,-102,-248
9812,-9660,10124,-84,-271,-221
9872,-9604,9996,-228,-245,-111
9964,-9508,10176,-286,-68,-175
9916,-9576,10180,-377,-193,-83
10048,-9704,10212,-227,-315,-133
9976,-9424,10056,-188,-372,-170
10044,-9744,9952,-640,-307,-15
10068,-9688,9980,-177,-821,-52
10404,-9588,9748,-726,251,91
9632,-10096,10144,-345,-33,-38
9916,-9452,9592,-2,-861,153
10012,-10116,9708,-503,-1206,184
10268,-9844,9580,-462,-1043,325
10052,-9240,8328,-3305,-2290,196
11076,-10564,8356,-3779,-2272,487
10404,-11648,8860,-2246,-1586,895
11300,-11780,6452,476,-2945,90
11016,-9844,7476,1385,-1121,380
11120,-10476,6952,-769,-215,-768
11428,-11164,6212,-1299,-517,-1009
10848,-12024,7248,-1412,-172,-396
10536,-10780,7348,-280,-614,-147
11604,-10780,5788,-193,-1720,-147
11024,-10532,7564,-398,-923,-46
11788,-11688,5516,762,-1072,-757
11752,-10680,5992,-615,430,-245
10908,-10184,7876,-1368,61,511
11784,-12024,5700,746,-208,-534
11224,-10532,7120,-444,1112,-73
11348,-10452,6752,-383,-149,-474
11496,-11516,5796,-857,-942,-531
11612,-11780,6656,366,-1672,-733
11132,-9376,7948,-102,-1446,-61
12432,-11532,5004,-1401,-430,521
11492,-11152,6372,-840,-15,-304
11448,-11252,5888,-89,-721,-128
11568,-11216,6112,-142,449,-136
11444,-11212,6084,-473,-496,18
11596,-11328,5912,-294,-218,-99
11636,-10848,5824,-324,-37,-103
11628,-11176,6132,-123,124,-308
11908,-11328,5332,-393,207,-496
11932,-10440,6104,-1069,1557,340
11356,-11008,5804,220,1444,-302
11060,-12496,5656,516,210,-25
11532,-10596,6428,4962,-56,-165
11844,-10200,6032,3171,226,-442
11748,-9956,7328,-841,4477,254
10472,-10080,9004,-1542,6076,1886
8972,-10364,10420,656,5060,-352
8860,-12136,8868,-1190,3351,-806
7584,-11560,10232,187,809,212
8624,-10896,11520,2320,-737,140
11192,-7724,9052,269,3843,764
6688,-12608,9480,37,1331,-1953
6904,-10928,11156,-2389,-292,-7
7756,-10584,11836,521,107,-93
8232,-10524,11444,2432,-461,-555
7648,-9384,11096,410,-539,-1029
8668,-9644,11016,177,233,-875
7760,-9640,11344,-753,173,-858
7932,-10248,11216,-483,-1048,-145
8452,-9812,11316,-27,-1060,104
8812,-9592,11052,-385,-260,-499
8496,-9792,11212,-182,247,-633
8232,-9448,11288,-207,-320,-386
8636,-9652,11092,-92,-564,-68
8720,-9712,11148,-124,-259,137
8664,-9772,11104,-31,-53,-55
8492,-9720,11316,-304,89,19
8348,-9692,11280,-53,17,-45
9608,-11292,11816,1853,1558,296
7088,-11176,12284,1044,3401,1115
5640,-10464,13452,1832,4163,1339
5836,-6352,13408,2570,4061,2217
3616,-9476,12496,-1678,1680,3829
3880,-9972,10848,3039,-3284,3259
9368,-6864,16624,16083,-7969,-2016
6852,-4936,13560,4691,-6274,-114
8768,-2504,14476,1340,-1149,-1775
7800,-4540,13608,-3968,-646,-807
9524,-6860,16380,-1778,352,-4305
9540,-2612,12516,473,1551,-4419
7052,-8652,15352,-3754,1837,1675
8500,-3744,13628,-1392,1069,39
7852,-5032,14216,-623,722,-305
8164,-5188,14220,-1049,-43,258
7896,-5192,15132,92,-1491,642
7468,-5624,13908,1667,-4868,-1162
9568,-3132,13076,2787,-5890,-1686
10268,-3060,13408,1390,-1224,-780
10120,-2020,13472,-941,587,-165
8844,-4216,14668,-3168,5975,3364
8880,-3436,13172,-5102,3758,1347
6832,-5816,14616,-3465,3983,703
4508,-6964,14352,-2200,-634,640
6720,-5688,14588,-1100,-495,-499
6056,-6100,14620,-337,1119,-576
6032,-6672,14852,-1296,1278,468
5796,-6664,14008,-1216,492,-852
6420,-6448,14112,-3268,989,-304
5776,-8528,14376,-2996,120,454
4732,-8820,15048,-3221,1503,1946
6860,-8436,11428,-613,124,-70
5180,-8108,11556,-1957,-2196,405
5532,-4152,11712,-3274,-929,759
5080,-6856,13808,-1559,25,1929
4952,-9376,15128,411,1458,1439
2788,-9100,13840,-53,-381,-84
6072,-8928,14468,3245,-973,-2694
8320,-6768,10388,4326,-6304,-4370
7960,-5288,12884,7602,265,-1723
6176,-7844,14252,1104,-363,914
8040,-5696,13896,877,-337,199
9000,-5996,12740,-637,-1364,-1360
6496,-6528,14440,-114,-1041,-998
9044,-4512,13340,2213,679,-2348
8084,-5540,14156,-122,-170,53
8128,-5064,13876,218,-71,-249
8276,-4576,13172,-517,302,57
8132,-5008,13976,-1211,17,-127
7868,-7408,14144,-2057,881,749
7932,-5964,14132,210,311,-279
7928,-5788,14444,-8,-242,-445
7868,-5916,14152,-75,174,-114
7804,-5488,14116,-252,-69,-121
7936,-5752,14020,-424,74,112
7948,-5684,14200,88,-140,-269
7840,-5716,14240,-140,173,-170
7616,-5484,14100,-628,-75,-212
7632,-5732,14364,-501,-75,-142
7764,-5728,14248,-184,-112,-255
7760,-5700,14300,-310,-14,-87
7764,-5836,14088,-236,-133,-158
7768,-5684,13900,-245,-11,-103
7624,-5940,14020,-291,-44,-147
7780,-5700,14168,-217,-185,-246
7812,-5876,13880,-124,-112,-165
7736,-5680,14152,-258,-125,-133
7560,-5792,14248,-225,-214,-140
7604,-5656,14168,-324,-171,-179
7756,-5660,14096,-286,-76,-179
7716,-5676,14248,-158,214,-118
7488,-5788,14336,-205,-125,-98
7768,-5864,13784,-295,-262,-60
7588,-5728,14292,2,-167,-213
7756,-5616,14124,-362,-30,-145
7748,-5684,14136,-213,-213,-175
7600,-5744,14208,-337,-3,-194
7668,-5628,14120,-145,-124,-223
7608,-5592,14312,-228,-7,-126
7564,-5556,14152,-204,-140,-157
7660,-5676,14352,-311,-31,-179
7668,-5844,14236,-290,-7,-95
7580,-5592,14388,-210,74,-211
7728,-5724,14444,-296,20,-223
7608,-5520,14212,-277,-158,-196
7756,-5756,14064,-166,30,-124
7712,-5524,14192,-181,28,-193
7484,-5560,14272,-238,-19,-168
7676,-5712,14216,-100,106,-128
7848,-5612,14360,-228,387,-187
7276,-5720,14288,-50,252,-449
7172,-5484,14316,-396,-157,-203
7412,-5548,14392,-263,-80,-228
7424,-5584,14492,-258,173,-320
7160,-5488,14456,-263,-41,-394
7372,-5872,14412,-207,-111,-227
7168,-5652,14380,-261,-177,-195
7124,-5596,14356,-273,-88,-136
7284,-5696,14288,-83,-225,-179
7360,-5364,14408,-194,-42,-184
7212,-5648,14440,-293,-11,-219
7052,-5676,14540,-260,-128,-167
7224,-5676,14420,-254,-160,-216
7368,-5640,14376,-299,-100,-160
7336,-5688,14380,-324,-120,-117
7340,-5652,14436,-350,-76,-126
7264,-5764,14496,-136,25,-193
7268,-5512,14564,-348,-98,-169
7208,-5632,14392,-222,-181,-140
7412,-5548,14488,-208,-27,-153
7308,-5440,14488,-224,-115,-245
7136,-5556,14464,-299,-61,-162
7368,-5620,14424,-246,-188,-147
7264,-5564,14484,-309,-108,-167
7164,-5664,14536,-301,-75,-179
7016,-5748,14556,-312,-589,46
7388,-5808,14576,251,354,311
7164,-5352,14204,528,342,645
6796,-6064,15624,1060,423,1111
5516,-7648,16832,3830,316,2079
6652,-2964,15808,7634,-2404,1917
6772,-584,15040,2964,2018,4239
6840,-2404,15216,-36,1381,3451
6656,-3740,12824,-4391,3339,4678
3908,-6336,14152,-5413,1655,2226
4728,-5600,13312,-4607,-1599,2449
3836,-7696,12100,-6339,3148,1522
552,-8280,13848,-9239,-3106,1839
3836,-13460,16484,-14850,-4575,4773
6584,-14504,13172,1223,-1301,-1310
4996,-13744,11896,3738,-1962,-2001
5844,-10576,10952,2841,-207,843
5116,-8864,11840,4230,-928,-2715
4948,-7392,12872,3080,660,-1083
6236,-8804,11644,-976,1512,-614
5564,-9872,12004,1136,821,-874
6360,-10720,9912,1653,-4136,-60
1636,-9340,12588,-178,-8527,-4024
9584,-5292,9188,2113,-5051,-9154
12588,-19856,2784,32767,3313,32767
3760,-20436,5968,-12256,2073,8220
7504,-22792,1668,24025,-5133,-16782
13364,-4832,12476,2107,-9248,1178
10896,-9808,7812,2082,-3959,152
10320,-10952,9680,-10637,1201,-6994
9860,-12608,2548,-17457,-16237,2480
15700,-10776,-7988,-7700,-7020,-2090
10564,-16176,-1060,2612,-1795,-1995
12268,-10676,-904,1581,1549,-1916
12220,-11340,40,3104,-1706,-3702
14000,-9524,-596,1092,-97,-1553
12912,-11016,-84,286,-280,-481
13204,-11340,-88,2267,-2073,-1954
14308,-11360,-940,2792,636,-5431
16528,-6472,1024,5173,4546,-6057
16104,-9020,3272,3240,3338,-2661
15912,-7664,4800,4901,3053,-5449
15996,-5392,4356,4422,2106,-7639
15976,-4428,6308,-50,8437,-1850
15916,-4816,7432,-73,7494,-158
14156,-5228,6816,144,5978,46
11632,-4608,3548,342,4655,-342
12516,-6656,3316,3713,5062,1378
3296,-9360,14868,-13802,-3424,9174
14448,-1764,8832,15380,-6835,-8594
14904,2916,11288,5586,-6711,-5357
15332,1256,13656,-3090,7932,5947
7592,-2508,13820,-2657,5511,-4593
12468,12,8736,9431,-4874,-7727
8240,-268,10028,-5682,4984,-1598
10756,-1380,14484,1408,-2784,-96
11024,-1216,14956,-18610,7453,7252
11664,-12,13560,638,2700,1485
8264,-1856,14844,-2319,4655,-2824
6980,-3872,16248,-4031,2648,60
5964,-4320,15996,-2265,2033,-1970
7760,-3592,14824,379,26,-64
7268,-3712,14600,-453,-199,-675
7432,-3720,14528,-1058,852,-817
7164,-4460,14152,-1876,223,-687
6960,-4940,15888,-5081,3791,1937
6812,-4284,14844,1708,-519,-1929
6416,-2888,15712,-1852,-1026,1382
7736,-4672,15308,774,1169,-1764
7148,-5456,14768,-1363,-632,-279
6480,-4300,15704,-1151,2248,-1349
3532,-5348,12408,1553,-2949,-4450
11000,6208,13328,-8030,10512,-563
9048,-6496,15428,2853,-2153,-1719
6192,-4028,15940,748,580,-1475
5596,-4772,15636,-500,270,236
6644,-4200,15216,-106,240,189
6528,-4924,14676,-549,740,-539
6164,-4572,15064,-50,-179,-541
6076,-4904,15256,-80,-188,-289
6284,-3396,15392,711,-557,295
6316,-4648,15116,217,-42,-465
6368,-5028,14976,-704,109,53
6092,-4860,15216,-423,3,-160
6224,-4992,15124,-192,-95,-80
6224,-4708,15156,-295,-153,-120
6216,-4880,15020,-257,3,-354
6084,-4936,15100,-220,-109,-153
6280,-4784,15060,-311,-20,-181
6024,-4880,15072,-298,-56,-189
6152,-4840,15136,-325,-142,-113
6092,-4868,15244,-297,37,-213
6056,-5000,15180,-353,-80,-116
6196,-4700,15232,-349,-350,-140
6224,-5004,15200,-191,-155,-185
6148,-4880,15124,-254,-123,-23
6164,-5004,15320,192,168,-286
6496,-4944,14744,676,-270,-564
5404,-4684,14912,8,-665,-839
6712,-5052,15656,-203,174,352
5900,-4564,15144,-186,-13,158
6196,-3404,14760,-114,-877,-156
6824,-4980,15420,-1330,514,-104
5880,-4708,15252,702,-567,-1179
6520,-4616,14988,-672,-294,957
6832,-4652,14828,-508,-474,225
6692,-5364,15116,-1297,851,-599
5188,-5216,15112,-85,-720,-811
6512,-5036,15556,-960,-368,757
6568,-5348,14724,-17,-148,-482
5568,-5048,15204,-786,-235,-95
6648,-5612,15000,-722,-244,562
6248,-5504,14764,-77,-38,-414
6140,-5172,14880,-430,-291,292
6552,-5696,14928,-575,32,-107
6004,-5256,14760,-275,-155,-315
6292,-5552,15216,-476,-60,89
6228,-5528,14500,75,-46,-391
6132,-5472,15048,-651,22,147
6140,-5492,14812,-175,-44,-251
6056,-5608,14944,-375,-143,-119
6324,-5748,14828,-168,-126,-112
6204,-5520,14780,-316,17,-144
6476,-5700,15132,-304,-30,-308
5492,-5296,15256,377,-797,-192
6560,-5364,14832,-247,-520,289
6412,-5304,14960,-127,41,-419
5912,-5420,14924,-643,-332,19
6508,-5652,14804,-568,-193,67
6364,-5676,15048,-357,110,-228
5776,-5392,14864,-206,-196,-118
6412,-5788,14712,-665,-273,129
6200,-5596,14916,-327,-8,-175
6296,-5508,14908,-686,128,-242
6084,-6104,14628,-412,-111,-405
6300,-6296,14680,-525,-193,90
6216,-5772,14896,-212,77,-14
6252,-5808,14716,-269,-78,-300
5928,-6300,14696,-349,-193,-227
6204,-5924,14908,-161,-303,159
6304,-5800,14812,-245,53,-41
6020,-5836,14880,-252,26,-392
6188,-6016,14656,-234,-255,-113
6412,-5816,14808,-262,-78,-175
6144,-5708,14916,-146,27,-200
6168,-5908,14588,-342,-52,-27
6380,-6040,14660,-184,-58,-189
5972,-5860,14940,-170,-6,-122
6240,-5964,14616,-259,-129,-206
6088,-6332,14820,-117,-15,-213
6020,-5588,14604,-90,-156,7
6316,-5968,14752,31,-206,-327
5924,-5716,14792,-280,-98,-249
6224,-5780,14728,-90,-263,-48
6316,-5648,14704,-411,-15,-205
5892,-5844,14904,-414,-66,-188
6060,-5852,14836,-75,-244,-7
6152,-5660,14904,-141,-97,-110
6232,-5692,14792,-391,-84,-284
6080,-6036,14876,-239,-59,-163
6036,-5752,14856,-282,-123,46
6168,-5652,14776,-242,205,-64
5828,-5772,15020,-332,-40,-206
6184,-5744,14888,-197,-215,-222
6064,-5764,14832,-259,-167,-112
6112,-5620,14852,-258,-24,-219
6076,-5652,14844,-385,-139,-93
6232,-5736,14696,-217,-64,-175
5844,-5676,14888,-335,-2,-130
6108,-5872,14528,-429,-55,-218
5976,-5876,14924,-458,-59,-56
6148,-5840,14852,-143,-34,-197
5948,-5984,14880,-170,-206,-270
6120,-5848,14976,-18,27,-117
6136,-5848,14768,-97,-79,-262
6232,-5692,15000,-199,-124,-217
6112,-5736,14792,-307,-165,-124
6124,-5584,14752,-213,-209,-162
5976,-5592,14984,-406,-196,-131
6188,-5924,14716,-250,-154,-107
6288,-5816,14832,-31,-14,-24
6092,-5688,14760,-221,-200,-55
5992,-5740,15016,-359,-133,-205
6292,-5780,14816,-108,-50,-207
6208,-5644,14720,-283,115,-266
6040,-5784,14692,-190,32,-311
6108,-5788,14836,-238,-300,23
6244,-5656,14692,21,29,43
6148,-5164,14756,-396,-127,-18
6176,-5744,14808,-253,124,-435
5960,-5612,14888,-249,-179,-111
5896,-5920,14772,-398,-14,-226
6052,-5636,14960,-249,-137,2
6200,-5576,14860,1,-106,-175
6172,-5500,14812,-476,-50,-269
5876,-5980,14868,-358,144,-278
5952,-5888,14552,-228,-609,81
6056,-5168,14904,-194,151,-176
6076,-5620,14840,-322,-136,-207
5996,-5520,14932,-157,-132,-130
6152,-5552,14792,-258,-60,-146
5832,-5708,14748,-234,-117,-282
6048,-5540,14976,-234,-294,-37
6200,-5668,14776,-78,-80,-387
5960,-5720,15088,-231,-168,-10
6108,-5328,14916,-216,-147,-128
6052,-5564,15104,-252,-154,-308
5976,-5484,15044,-229,-220,-93
6052,-5620,15060,86,-191,151
5856,-5580,14820,258,-321,177
4976,-6056,15628,775,-1191,669
6760,-5368,14884,1881,-1760,1350
6892,-4512,14612,892,-506,55
6724,-4268,14588,506,-1255,-456
5828,-3308,16300,-476,-1249,422
5912,-4068,14060,-1545,-3358,620
9140,-5032,15400,-3577,-2121,294
6788,-8944,14388,-2464,1147,-1496
6836,-6504,14192,-1800,-1646,-949
9204,-6540,14204,-667,1879,1220
7288,-5300,13508,1683,-1754,-275
7336,-7084,13056,-3835,-1899,-1676
7952,-6848,15080,-4969,-27,1238
8240,-6740,13716,-927,-440,1642
7720,-6820,12192,-2372,-1624,14
8524,-8748,12048,-5096,-821,359
7696,-10168,12628,-3305,-984,2343
8692,-10288,10108,-2733,-5437,1492
9292,-10572,10732,-4600,461,2976
8224,-11052,11404,-1825,-191,1150
7768,-10040,10440,607,-673,-307
7396,-11036,10508,834,-1138,-47
7520,-11584,10644,-612,1508,-1550
9328,-11996,9160,1933,-206,-469
8524,-10112,11636,2210,50,-716
10396,-7396,13164,3708,5337,-1975
7816,-8300,12032,8852,3083,-6216
7964,-6912,12608,2303,4477,-3266
6588,-7352,15428,689,5914,-1574
5016,-6384,15016,4277,3113,-4063
6264,-3892,12772,6519,-1714,-2008
6432,-3768,15092,1031,-11,172
6472,-3320,15276,2039,44,-161
6744,-2692,15600,2061,-1124,-180
7252,-1372,15052,1882,-1350,-544
6856,-704,15252,-327,-199,-320
6876,-1896,15844,-804,172,-52
7340,-2448,15100,-297,-532,-60
7892,-2504,15144,-110,-618,201
5832,-1024,16188,-974,-1327,364
7668,-1088,16316,295,234,-45
7832,-1912,14536,441,-409,-850
6624,-2156,14968,-2308,477,-67
6608,-3612,15740,-2271,826,728
7416,-3492,15368,-259,-504,500
6732,-3000,15732,-848,-507,365
7008,-2532,15860,-328,18,-42
6712,-2364,15656,-525,-207,-12
7272,-2660,15136,-548,-109,-313
7004,-3164,14932,-531,275,-667
7092,-3872,14996,-885,538,-756
6976,-4276,15244,-178,-110,24
6768,-3668,15316,160,-106,362
6728,-3144,15388,388,-328,16
6748,-3268,15448,45,-373,212
7052,-2840,15904,538,6,-302
7124,-3400,15204,789,-550,-509
5864,-1800,15292,-93,331,-293
7368,-2620,15060,48,872,-733
7528,-3308,15292,187,-488,-10
6592,-2220,15184,-675,351,-443
6824,-3416,15088,-1033,220,-460
7340,-3788,15644,-513,210,-113
6812,-3428,15724,734,-206,-162
6080,-2332,16644,1059,-36,247
6492,-1048,14760,1534,-772,-1046
7756,-2556,15016,-1104,195,74
7136,-3124,15284,-676,511,-953
5408,-3588,15580,-625,-191,-175
7132,-3564,15448,134,-711,845
7280,-2936,15204,369,-518,278
6640,-2596,15428,79,13,144
7076,-2492,15124,43,-248,100
7324,-2692,15568,94,-193,28
6932,-2744,15268,262,-560,-125
7244,-2172,15540,638,-370,-203
6584,-2248,16220,1208,45,-375
6544,-288,15392,1797,-909,-1281
7312,-1008,15072,-698,-37,-791
7968,-1688,15464,-677,57,-533
7308,-1232,15724,-266,455,-671
6532,-908,15924,424,399,-197
6468,-320,14992,259,-956,-513
7476,-1208,15296,-1199,-360,-176
7092,-2032,15608,-1215,-1562,-779
7728,-1036,15176,-913,-1497,115
8488,-1608,14100,-1914,-186,1006
7928,-1984,15772,-1606,1046,138
7596,-2652,14968,-1028,271,-915
7588,-3040,15100,-1269,726,-199
7288,-2820,15436,-258,255,-433
7232,-2428,14964,-471,-243,-99
7360,-2540,15432,-1260,345,410
7232,-2920,15100,-1135,369,96
6920,-3620,15236,-1132,205,425
6712,-3208,15252,-416,-125,978
7132,-3404,15644,-119,-298,712
6944,-3408,14792,-717,-326,517
7136,-3416,15108,-1674,-107,77
7068,-3780,15236,-1576,520,-845
6676,-4296,15128,-1695,800,-905
6200,-4448,14380,-1660,94,-1342
5888,-5180,15332,-3086,1023,267
6336,-5524,14992,-322,-504,761
7084,-5452,15468,-931,116,1386
6384,-5172,14472,191,-177,-290
5980,-5044,14620,-1007,-210,-8
6160,-5148,14868,-1542,-821,277
6568,-5716,14508,-1981,-1088,675
7108,-6176,14564,-2550,-258,1232
6956,-7332,14356,-421,-45,41
6336,-6272,14640,-344,-213,-117
6524,-6764,14124,-468,76,-267
6568,-6932,14476,-319,-105,-8
6460,-6544,14300,118,-224,-81
6832,-6748,14492,17,220,329
6116,-7288,15720,71,2595,880
3932,-5904,14212,602,-799,-2321
6568,-5372,12936,-10472,6529,-104
2164,-10276,13612,2251,-5672,-1547
15324,4388,8524,10482,6773,-6489
5372,-7628,13492,-787,-1906,-1560
6268,-4768,15064,-593,345,-837
5564,-4496,13164,-480,-1793,-1527
7712,-400,13956,-4824,5972,-496
8540,-5096,14888,-1292,-532,-599
7112,-5544,15716,390,241,12
7184,-4780,14432,1556,-340,-600
6936,-4336,14436,-462,144,-550
6684,-5112,15268,-842,368,-714
6744,-5204,14816,277,-36,-500
6968,-4896,14844,-300,-136,118
6972,-5156,14952,296,-132,-75
6716,-5264,14812,422,-406,222
6864,-4728,14988,811,-279,1120
6920,-3952,14724,835,-303,918
6640,-3660,14904,283,-866,-94
7216,-4120,14720,-767,-163,105
7444,-4872,14632,-546,566,-283
6552,-4772,15216,-53,494,-455
6528,-4532,15016,626,1,-159
7044,-4524,15196,837,-442,446
6908,-3308,14816,909,-392,-268
7040,-2456,15116,-1024,-101,-799
6712,-4108,14916,-1316,-426,-1196
6964,-5120,15160,-1717,212,72
6888,-4648,15196,-476,108,-22
7184,-4164,14940,-410,-67,26
7296,-4708,14436,-226,-185,-371
6636,-4960,15296,-640,10,-302
6992,-4684,14932,-38,-179,-171
7364,-4632,14744,-405,119,-246
6688,-3996,14600,-849,162,-1098
6668,-4008,15160,-1293,372,-671
7064,-4944,14784,-880,-345,-13
7252,-5576,14860,-602,-92,426
6536,-5300,14968,-219,-163,-53
7128,-4332,14308,357,-964,13
7104,-4532,15200,-1177,314,41
7072,-4088,14464,38,-111,-1279
7188,-5252,14300,-1560,-76,-548
6492,-7020,15348,-2618,1678,-524
6340,-4376,14576,287,-1231,-1577
7764,-5776,14952,-2350,1142,436
6784,-5996,13864,668,-1369,-1242
6544,-5548,15124,375,307,-835
9840,-3860,12360,-71,10837,1298
6308,-4648,16036,-3727,-1159,1979
9336,-5532,12848,432,1088,-2992
16092,-5324,12900,2205,-2450,-7790
7052,-6788,12728,-799,4160,-3297
6548,-6488,12032,1346,2980,994
6192,-4636,16564,-1282,6669,2573
5180,-6544,15688,248,1554,3599
3692,-5084,12916,-1971,3301,144
9400,-3960,12248,2347,-2326,1300
5664,-5544,13884,3241,-1288,1116
1736,-5756,16724,-973,1837,1247
2764,-4140,14664,353,201,1025
1880,-4428,15836,-748,-670,1196
2672,-3752,15844,-5,-1185,435
2864,-4436,16116,-1247,-1005,-697
2468,-5432,14084,930,-4048,-1204
3976,-4712,15092,-2252,-2954,-316
6500,-3092,13088,-4032,-2687,1643
6292,-9920,17784,-3045,-2010,2753
5788,-8796,14524,-757,-1033,1462
6820,-7752,11924,-1456,-1763,2015
6700,-8232,14000,-213,-1771,-592
6064,-9476,13888,-341,-2516,-1022
