Standing
!⸮⸮⸮⸮⸮14460,-7164,-5764,-405,-100,-20
14196,-7264,-5768,-75,106,-198
14000,-7228,-5916,123,-146,-418
14160,-7516,-5892,69,-415,-400
14116,-7112,-5784,399,-362,-605
14188,-7032,-5708,303,-712,-391
14580,-7092,-5848,-6,-708,222
14088,-6704,-6384,-475,-246,-162
14336,-7400,-5396,-1396,-881,459
14660,-7188,-6392,-857,753,247
14132,-6732,-6168,-2446,353,1397
14408,-7916,-6540,-2776,728,1889
14384,-7668,-7236,-776,537,1214
13492,-6772,-5972,-1731,31,1111
13588,-7648,-6044,-1377,797,954
13840,-8788,-7400,999,-974,817
12020,-8468,-5004,1362,-2579,-1453
14072,-7316,-8264,3386,-4683,-3726
13108,-8072,-6900,-585,232,-69
13188,-8408,-6936,-688,-505,181
12984,-8072,-6868,-1026,-291,941
13044,-8232,-7268,-744,-334,952
12724,-8160,-7440,229,-775,59
12908,-7732,-7424,-258,-772,-80
13364,-7932,-7592,-1023,-351,267
13040,-8024,-7624,-2026,901,923
12524,-8548,-7760,-906,596,389
12468,-8484,-8028,-544,700,136
12452,-8436,-7668,-612,-410,340
12772,-8508,-7944,-162,120,274
12428,-8288,-7716,572,-158,-766
12568,-8004,-7576,191,-822,-513
12724,-8036,-7660,-260,-852,-366
12968,-8568,-7640,-302,-77,2
12592,-8192,-7420,171,47,-312
12464,-8020,-7776,-205,-100,35
12644,-8236,-8064,-378,49,114
12576,-8628,-7488,-130,574,-20
12708,-7996,-7736,-738,-422,68
12996,-8316,-7880,-555,-235,-335
12560,-8528,-7580,-476,-29,-464
12492,-8616,-7640,-482,37,-106
12536,-8400,-7692,-167,-90,-197
12596,-8320,-7832,-75,-290,-134
12700,-8188,-7760,-256,-192,-127
12636,-8316,-7860,-379,-7,-133
12636,-8424,-7748,-205,-53,-100
12472,-8416,-7660,-304,114,-174
12524,-8292,-7716,-477,-78,-303
12548,-8420,-7788,-242,125,93
12496,-8208,-7772,-204,-145,-128
12604,-8360,-7704,-212,-209,-244
12804,-8292,-7776,-303,-22,-226
12776,-8248,-7856,-307,205,-262
12560,-8200,-7548,-306,-145,-237
12536,-8316,-7776,-127,-305,-189
12596,-8248,-7868,-207,-205,-218
12616,-8232,-7724,-225,-289,-251
12876,-8116,-7528,113,-583,-413
12664,-8276,-7648,-59,202,-476
12548,-8196,-7428,-128,-69,-196
12616,-8176,-7456,-433,-236,78
12704,-8328,-7664,-382,-220,79
12584,-8336,-7784,-336,69,-177
12732,-8180,-7920,-163,4,-286
12448,-8208,-7676,-90,-62,-456
12556,-8312,-7664,-193,-158,-322
12568,-8236,-7656,-180,-258,-247
12728,-8172,-7848,-297,-268,-118
12696,-8256,-7804,-394,-414,-255
12368,-8320,-7568,119,-213,-443
12664,-8196,-7760,84,-628,-204
12640,-8228,-7852,68,-230,-235
12616,-8076,-7660,-39,-253,-159
12768,-8096,-7724,-139,-95,-243
12420,-8128,-7624,-361,-150,-236
12684,-8212,-7720,-176,-348,-324
12724,-8356,-7884,-87,-333,-412
12568,-8304,-7820,-44,-259,-279
12712,-8348,-7816,-396,-207,273
12696,-8116,-7560,-551,-3,941
12364,-8248,-7584,315,-500,-929
12500,-7612,-7900,-414,-39,-48
12760,-8728,-7892,-2143,18,1501
11940,-9096,-6852,-1262,1506,1546
12848,-8972,-8820,918,-358,-2286
11616,-7912,-7460,-92,512,-1305
13112,-8812,-7960,119,-126,-1210
12712,-7940,-7224,339,380,-1141
12664,-8212,-7744,489,-1019,-438
13040,-8056,-7644,143,-644,-452
13032,-8540,-7036,-162,-860,-449
12716,-7896,-7236,275,126,-180
12812,-7796,-7564,-292,-346,338
13080,-7956,-8328,-63,-512,-181
12664,-8072,-7804,-136,-210,-68
12560,-8040,-7940,877,-1601,-1050
12804,-8256,-8448,899,-650,-1454
12372,-8616,-7368,2030,-1545,-2726
14180,-8736,-9376,4175,-517,-3614
12648,-6472,-7272,-289,3377,91
13888,-6968,-7024,113,964,458
13492,-8452,-6592,-141,3112,583
13640,-7024,-5536,1649,-21,-783
14184,-8256,-5940,-2598,2027,5020
12752,-9060,-5856,-557,1849,2625
12524,-9756,-5320,325,-136,635
12800,-9484,-4988,759,-1651,-751
13828,-8832,-5700,-559,-83,260
12696,-9592,-5440,-1812,1920,1916
13004,-9644,-5492,-733,360,487
12360,-9540,-5352,-1514,112,627
12664,-10404,-5920,-695,-1044,-232
12888,-9276,-6064,1386,-1948,-1909
12844,-9456,-6024,476,-1010,-901
12780,-9336,-5812,165,-634,-375
13244,-8984,-6272,-369,-225,-86
13184,-9596,-7312,-684,951,1258
11268,-9716,-5352,-1176,1542,1557
12348,-9836,-5844,297,-1583,29
12780,-9772,-5908,660,-1059,-611
12812,-9788,-5656,343,-183,168
12572,-9680,-5460,-1070,912,824
12304,-10268,-5860,-1442,1730,1503
11828,-9756,-5864,-1644,771,997
11544,-10472,-5532,-2429,196,432
12568,-10700,-6000,-626,-1290,-1070
13348,-9720,-6332,-3816,4439,4334
10896,-10744,-5724,-4483,4354,2550
10924,-11084,-6988,-2094,387,-592
11704,-11172,-5896,471,-2092,-1371
12944,-8796,-7004,-951,1076,-542
12004,-8652,-7628,-2052,3092,682
11404,-10340,-4692,-3083,4910,1851
11428,-9916,-6900,-4068,1083,1668
11820,-10376,-6872,-1427,-758,-122
12120,-9944,-6780,-80,-1106,-1145
11872,-10292,-6396,234,-1238,-1466
12728,-9352,-7240,-640,1467,564
12528,-10748,-6600,1220,443,-885
11924,-10352,-6256,1483,-25,-442
11908,-9440,-6376,407,184,537
12776,-8548,-7288,-1793,3084,2940
11620,-10104,-6672,-121,-251,153
11732,-10364,-6372,-580,-1242,-106
12136,-10040,-6580,-1221,-604,-229
11612,-10288,-6248,-475,-1010,-1027
12468,-9244,-6836,36,-956,-1461
12120,-10608,-6360,-831,558,-444
12028,-10100,-6936,-944,672,339
11708,-10156,-6848,-294,135,-328
11780,-10088,-6768,668,-150,-738
12072,-9448,-6664,-45,327,-352
11472,-10108,-6468,-855,68,156
10336,-11680,-6128,3356,-5397,-4526
13076,-8972,-6128,3322,-1783,-2172
12352,-8720,-6496,-146,607,882
12424,-9088,-6760,215,-1000,10
12152,-9480,-7240,3892,-4905,-4864
12708,-8280,-6436,419,-1867,-1687
12848,-9356,-6504,-2176,-369,60
12492,-9992,-6360,-1160,-953,-1067
12748,-8896,-7584,-647,10,-430
12208,-9048,-7336,-309,-400,-431
12444,-8556,-7792,-374,28,196
12300,-8700,-7576,-771,-125,155
12480,-8564,-7332,-645,-385,-52
12564,-9016,-7536,-542,-1633,-801
12756,-8788,-7900,26,-246,-587
12100,-8760,-7604,-149,167,-463
12336,-8844,-7800,-78,-355,-135
12368,-8772,-7704,-27,-166,-169
12424,-8692,-7492,54,-260,-310
12500,-8652,-7504,-347,38,53
12368,-8688,-7608,-653,239,330
12148,-8788,-7576,-672,151,263
12284,-8748,-7636,-551,-25,-106
12168,-8740,-7540,-217,-203,-447
12420,-8648,-7656,-532,-45,-134
12312,-8748,-7712,-606,27,-37
12412,-8872,-7760,-263,44,-305
12228,-8672,-7664,146,-69,-713
12468,-8396,-7784,114,-335,-850
12492,-8624,-7344,-211,-195,-420
12884,-8612,-7652,43,-271,-489
12252,-8496,-7576,-39,347,-286
12612,-8208,-7164,-241,-617,-230
13152,-8276,-7508,-427,335,293
12232,-8656,-7780,-849,272,242
12656,-8532,-7644,-193,-10,-207
12288,-8608,-7560,-30,-137,-413
13116,-8620,-7180,-329,-628,-540
11680,-8388,-6716,-163,869,-113
12780,-8376,-7456,-823,-1953,151
14232,-8356,-7604,-222,-268,-710
11976,-9076,-6820,-458,2700,263
12012,-9696,-6604,1198,148,-1188
13148,-9068,-7236,1744,485,-444
12672,-8204,-6852,724,957,-106
12688,-7992,-6408,-365,167,781
13636,-8380,-6920,-655,-444,117
13144,-8652,-6508,-1086,357,-528
13056,-8716,-6272,-598,-481,-1100
13084,-8840,-6404,-205,-132,-948
13180,-9148,-7048,-576,-52,-120
12696,-8540,-6532,-599,143,213
12796,-8548,-6624,-601,-561,640
12800,-8304,-6452,-109,-703,351
13048,-7732,-7084,-498,-1578,135
13404,-10076,-6900,-2269,-714,904
13508,-9304,-9060,-1510,1513,507
12228,-8828,-7152,-691,922,615
12408,-8508,-7048,-1561,588,1291
12684,-9180,-7336,-762,31,447
12324,-8816,-7388,-559,447,314
12172,-8976,-6896,441,-1073,-608
12964,-8836,-7364,84,-735,-486
12316,-9168,-7364,-165,492,-259
12480,-8976,-7720,153,-467,-164
12300,-8760,-6876,-95,-806,-336
12968,-8836,-7304,-730,-243,200
12504,-8668,-7444,-738,407,40
12308,-9216,-7400,-758,329,216
12300,-8748,-7544,-511,255,219
12184,-8692,-7500,-726,-34,161
12476,-8728,-7776,-690,-1,-141
12196,-9212,-7896,-967,413,457
12052,-9008,-7204,-636,-112,402
12516,-9084,-7540,536,-609,-338
12248,-8636,-7584,524,-262,-603
12228,-9104,-7704,341,-774,-776
12380,-8832,-7152,-396,-427,-66
12700,-8608,-7284,-601,53,-82
12464,-9120,-7860,-522,338,32
11808,-9660,-7868,150,-22,16
12016,-8404,-7712,557,-117,-422
12600,-8540,-6852,347,-1260,-793
12924,-8576,-7416,-1333,243,559
12260,-8888,-7300,-1949,1296,768
12140,-9120,-8016,-1459,1049,463
11720,-9072,-7856,-937,425,0
11628,-10768,-6688,-1961,1212,2235
12144,-9176,-7072,-105,334,-54
12004,-9164,-7540,380,-533,-887
12248,-9248,-6516,583,-1595,-334
13024,-9156,-7844,312,-246,-269
13196,-6920,-9380,-895,2169,1314
11464,-9620,-5768,-1503,2411,2234
11984,-9120,-7312,-857,271,381
11744,-10152,-7076,-270,37,-443
11792,-9912,-6820,204,-854,-876
12096,-9736,-6764,373,-421,-686
12152,-9748,-6860,418,-649,-756
12316,-9744,-6868,193,-238,-478
11776,-9524,-6560,333,170,-807
12116,-9420,-7068,100,-377,-956
12156,-9884,-6636,-279,-356,-732
12272,-9652,-6928,-405,-151,-377
12600,-10040,-6848,627,-447,-1337
12308,-9912,-6800,1174,-793,-843
12876,-9112,-6660,1138,238,-971
12412,-9304,-6264,163,717,-229
12332,-9676,-6920,-2260,640,1437
13228,-9112,-6196,-435,-485,-422
12060,-10988,-6104,411,-602,-1748
12324,-9128,-6704,-609,675,9
12436,-8852,-6532,-1892,24,685
12524,-9588,-6752,-1754,-322,963
12220,-8744,-7160,-1152,-126,292
12392,-9796,-7268,-1297,-597,297
12180,-10020,-6624,1743,-1813,-2415
12092,-9388,-7320,444,-697,-72
12184,-9476,-6420,-99,-696,-109
12512,-9364,-7292,58,-208,-113
12024,-9244,-7256,-38,-28,-147
12368,-9400,-7008,49,-653,-349
12472,-9612,-7164,-221,117,-185
11996,-9596,-6964,-311,67,-61
11888,-10004,-6904,-293,-172,-216
11988,-9916,-6936,111,-461,-481
12148,-9328,-7200,-347,81,93
12304,-8908,-7236,-1067,614,913
12156,-10264,-6364,-1460,1887,1551
11724,-9968,-6796,-694,1064,855
12396,-9040,-7172,-293,1636,885
12208,-9472,-6644,644,-450,-942
12108,-10004,-6212,504,-443,-941
12136,-9772,-6816,-525,141,24
11984,-9752,-6624,-754,-5,93
12076,-10260,-6708,-484,-295,-235
12176,-9920,-6828,44,15,-344
11960,-9924,-6376,25,-445,-292
12164,-9824,-6408,181,-481,-429
12244,-9592,-6556,-311,-109,-1
11892,-9912,-6760,-412,27,10
12060,-9916,-6824,-142,-84,-122
12100,-9688,-6584,-47,-131,-273
12172,-9788,-6568,-337,-491,-264
12032,-10004,-6780,-972,231,650
11740,-10004,-6828,-810,249,782
11868,-9716,-6816,333,-420,-250
11672,-10088,-6936,119,-671,-496
11756,-10184,-6160,-267,-567,-311
12064,-9956,-6892,-166,-198,-337
11664,-10124,-6380,38,-108,-376
12020,-9752,-6440,-622,46,30
12120,-10420,-6664,-683,500,138
11744,-10112,-7020,-208,698,38
12036,-10104,-6996,506,-163,-602
11368,-10088,-6492,470,-353,-627
12488,-10124,-6596,-469,-598,18
11924,-10080,-6320,-655,643,424
11700,-10152,-6512,-221,-140,-39
11940,-10276,-6696,831,-580,-745
12196,-9980,-6416,576,-1125,-1072
12540,-9712,-6340,-35,-214,-415
11816,-10168,-6992,-337,344,-8
11496,-10496,-6352,-327,-251,-127
11868,-9712,-6884,93,-606,-408
12020,-10044,-6320,-295,-650,-156
12340,-9896,-6288,-917,-339,111
12044,-10324,-7100,-716,428,204
10796,-10804,-6312,-758,424,456
12084,-10492,-7148,434,-1178,-482
12120,-10068,-6728,1238,-979,-1236
12056,-9864,-6340,155,-792,-478
12652,-9092,-6560,-217,1283,-512
11516,-9964,-6508,-1021,-84,260
11980,-9872,-6812,-532,-244,135
11828,-9992,-6756,-338,-143,40
11952,-10124,-6724,-171,372,-49
12012,-9948,-6908,354,-166,-514
11784,-10184,-6540,347,-444,-588
11764,-9980,-6596,201,-286,-496
12176,-9980,-6324,-6,-380,-437
12160,-10096,-6756,-130,274,-268
11836,-10124,-6620,-35,-159,-336
11804,-10164,-6644,291,-598,-568
12116,-9920,-6528,367,-583,-579
12212,-10084,-6484,101,-298,-355
12172,-9916,-6388,-111,-215,-211
12132,-10044,-6268,-149,-70,-266
12240,-10176,-6380,-77,-172,-345
11944,-10100,-6336,68,436,-375
12256,-9908,-6584,76,95,-434
12228,-10180,-6616,-442,687,45
11856,-10236,-6212,-204,-185,-154
11896,-10024,-6584,777,-756,-592
11924,-10428,-6272,1181,-1063,-1110
13080,-9720,-6096,-263,-421,-126
12048,-9732,-6000,-780,128,625
11768,-10180,-6548,55,-608,-291
11840,-9920,-6288,-567,-1123,-155
12616,-10140,-6344,-1287,-656,331
11988,-10248,-6824,-795,1421,479
11352,-10240,-6064,454,334,-808
12092,-9832,-6184,287,-481,-690
12088,-10144,-6148,-234,-134,-377
11844,-10140,-6620,297,-389,-684
12288,-10248,-5868,155,-883,-680
12704,-9612,-6196,-761,273,318
11552,-9956,-6344,-875,768,632
12440,-10200,-6156,-998,-271,107
12088,-10012,-6340,-933,1007,562
11596,-10456,-6128,-164,-55,-233
12424,-10072,-6332,162,2,-279
12044,-9960,-6156,-140,-20,-227
12372,-9980,-6172,-825,281,315
11884,-10232,-6300,-557,98,-39
12104,-9940,-6128,-583,303,-99
12040,-10272,-6256,-449,48,-118
12036,-9944,-6232,-105,149,-270
12104,-10228,-6356,317,-613,-598
11992,-9868,-6020,805,-1054,-888
12580,-10000,-6040,258,-794,-607
12260,-9964,-6036,-386,-75,30
12188,-10212,-6032,-671,-6,72
12192,-9968,-6208,-694,159,168
12168,-10040,-6328,-500,-26,-39
12176,-10064,-6276,-491,32,18
11976,-10128,-6328,-426,124,9
11988,-10116,-6348,-308,13,-52
12088,-10172,-6168,-226,-38,-170
12052,-10004,-6332,-336,-51,-72
12076,-10080,-6340,-162,-81,-219
12092,-9980,-6320,-278,-275,-208
12180,-10092,-6324,-289,-112,-148
12028,-10144,-6384,-285,-188,-212
12076,-10092,-6304,-169,-168,-262
12068,-10024,-6320,-157,-213,-300
12040,-10020,-6272,-181,-32,-223
12036,-10072,-6336,-261,-58,-253
12068,-9980,-6188,-135,-191,-417
12356,-10028,-6476,-843,75,138
12144,-10028,-6704,-744,145,344
12108,-10192,-6264,-435,-215,104
11728,-9784,-6460,-867,201,375
11712,-10336,-6596,-569,-348,-15
11908,-10204,-6752,-22,-407,-524
12124,-9976,-6496,-248,348,28
11916,-9872,-6452,-398,-177,-292
12056,-10112,-6436,-437,-28,-100
12068,-10232,-6252,-281,130,-198
11656,-10016,-6276,-33,-756,-523
12848,-10196,-6352,-239,792,80
11400,-10132,-6144,-809,1182,515
12292,-10376,-6620,-647,-388,-96
11768,-10224,-7244,150,1444,524
11836,-10020,-5812,1209,-1125,-1342
13100,-9924,-6404,470,-352,-832
11692,-9528,-6716,-333,1249,364
12160,-10320,-6356,242,-2329,-1188
12812,-10208,-5628,-520,486,220
11928,-9780,-5932,-1589,1164,843
11716,-10588,-7280,-649,442,-264
11952,-10416,-6364,-506,-764,633
12012,-10132,-6624,648,491,-75
11292,-11148,-6612,1195,53,-548
12300,-10160,-5944,-673,1025,613
11752,-10664,-5368,153,-355,-943
12616,-10748,-5944,-946,440,648
12004,-10220,-5252,-466,776,758
11680,-10824,-5792,-952,879,507
11416,-10556,-6000,-632,173,765
12356,-10176,-5316,1107,-1874,-1675
13920,-9236,-5620,-1255,2075,415
10532,-9572,-6252,-1379,3316,1411
10268,-12148,-3428,-47,-3153,-1623
13604,-9892,-5716,2099,-551,-2070
12240,-10248,-5660,279,295,-1465
12504,-10072,-6312,-1614,1502,1115
11248,-10720,-5896,-803,1275,477
12388,-10572,-5324,734,-1768,-1151
13360,-9968,-5988,209,-1242,-856
13080,-11884,-5708,3604,-3618,-5632
14404,-6408,-8268,4153,1809,-4842
13012,-6484,-5148,22,2980,-1717
14260,-8596,-4964,2296,1131,567
13796,-7848,-2376,4015,-893,-1733
14172,-8368,-3804,4154,-1648,-864
14356,-8712,-3716,7408,-4749,-2719
14412,-9300,-2940,3078,-2957,102
14000,-9520,-1972,-79,-1429,991
13152,-10436,-2156,-506,-1156,22
13832,-9704,-2852,366,-1236,-66
14504,-10112,-3436,-1319,1776,1831
12244,-10176,-2348,-237,1426,484
13028,-9852,-3044,-470,719,613
13204,-9588,-3308,-2420,633,1351
13388,-10180,-4184,-3036,982,2033
13116,-10352,-3988,-2880,1019,1034
12064,-10720,-3560,-2797,2478,1332
11788,-12224,-2376,-3678,2590,4644
12568,-11156,-4116,-1364,1429,947
12028,-10728,-3412,-143,835,-127
11856,-10956,-3412,-382,-393,-451
12736,-11680,-3944,-336,-49,-441
11964,-10724,-2652,-853,1467,867
12780,-10696,-3988,-290,-358,-885
11880,-12076,-3292,-1180,-197,-702
12180,-10984,-2920,421,-6,-613
12456,-11464,-3076,-493,-216,-675
12072,-10664,-3080,795,-39,-2582
12652,-11416,-3248,-1258,-345,-551
12996,-10580,-3496,-899,351,-1448
12996,-9648,-2268,-2537,2330,-392
12880,-10432,-3652,-3136,2160,720
13084,-10232,-4164,-3623,3179,1045
12752,-10772,-4284,-3216,2393,899
11944,-10728,-3660,-2462,1536,577
12492,-10920,-2968,-2041,-338,1313
13328,-11428,-6576,-3011,2583,1823
11236,-9608,-3352,-1172,2375,186
12772,-10348,-3156,2319,-2489,-3187
15168,-9828,-5772,-977,1171,436
12672,-8612,-4116,-1023,1710,1354
12444,-10688,-3844,-1806,281,-765
13376,-11852,-2796,-504,-1753,-2460
12512,-9704,-4004,-1150,982,1341
12216,-10136,-4760,-1786,809,1093
11860,-11504,-3144,-1084,-1126,-495
14024,-11212,-5236,407,-2328,-978
14044,-9920,-5484,203,-1570,811
11556,-11244,-1828,1110,-615,-631
13144,-9612,-5352,849,-2674,261
12252,-11384,-4160,891,-940,519
13416,-9224,-6032,2009,-825,-1515
11848,-10840,-4816,-1513,-971,680
11692,-11652,-5908,548,-508,-670
11188,-10672,-4636,2500,-3715,-2731
12488,-10464,-4612,489,-1650,-521
12396,-10684,-5408,299,-908,-1449
12944,-10320,-5900,247,-180,-1014
12452,-10516,-5336,-128,926,-742
12388,-10992,-5440,-111,-946,38
12400,-10388,-4496,1198,-1082,564
12744,-9756,-4344,-13,-1316,-173
12548,-11044,-6336,-493,287,751
12004,-10476,-4940,1744,-483,-992
12524,-10304,-5420,600,-1026,26
11640,-11824,-5628,-910,-2173,4609
11628,-10660,-5024,-474,-538,-157
12624,-10512,-4548,-355,-598,-1080
11972,-10920,-5248,-461,-112,-562
12164,-10752,-5200,-476,416,-120
11764,-11116,-5356,-505,788,-205
12292,-11928,-4256,-5845,8253,9586
9656,-12228,-4476,-3980,6803,5719
10656,-12404,-4404,-1299,-864,-1191
11828,-11256,-4724,-546,-1499,-693
11020,-12408,-4228,-1403,1828,4969
10716,-11460,-4504,-219,-740,-871
10616,-12804,-4892,-1268,-660,201
10076,-12580,-4312,-984,685,432
10616,-12568,-4520,-868,684,-119
10792,-13124,-4124,-4370,7216,4205
11076,-10692,-3800,-5188,8813,6990
8204,-13812,-3528,-719,1153,70
10220,-12928,-4516,254,-2486,-3491
10120,-13208,-5212,-1389,-36,-1269
11124,-12716,-4468,1089,361,71
11356,-12076,-5624,1938,-832,-2239
9512,-12976,-4424,64,-11,-741
11248,-11424,-3920,2887,-2897,2138
11024,-13312,-4984,881,-817,-314
10604,-12144,-3568,-1710,1464,626
11064,-12036,-4472,314,-336,-333
11020,-12088,-3448,108,264,-1174
11660,-12368,-3796,651,-278,-2612
12560,-10004,-2904,-2479,5632,-184
11336,-10772,-3816,-967,1698,-2145
11516,-12300,-3264,-546,482,-1074
13004,-11768,-3204,348,-867,-1817
13152,-10052,-1612,-1439,1592,304
12896,-10668,-2032,-2499,826,177
12984,-11252,-3680,-2625,1711,606
11576,-11124,-3476,-1443,1116,860
12208,-11840,-2916,1392,-1369,-1672
13096,-10976,-2844,661,-1400,-338
12668,-11088,-2272,146,-1323,-345
13072,-11460,-3544,263,-2130,-1051
10544,-11220,-964,1888,-331,347
12352,-10204,-2292,-193,-4086,-1938
14192,-10572,-4840,-628,-2114,-197
12080,-10268,-4372,-826,331,1491
12040,-11148,-4216,-1625,-75,1634
11132,-11984,-4076,1106,-2234,-269
11840,-10820,-3760,3794,-4305,-2192
12448,-11120,-3744,2713,-3109,-2438
12048,-10656,-4304,779,-789,-8
12536,-10904,-4708,-7,-1339,-1108
12168,-11160,-4452,-1431,991,1784
10992,-10480,-4328,-1593,387,799
11556,-11964,-4860,-1033,-1682,-374
12068,-10928,-5420,-609,-1070,-36
11328,-11508,-5008,568,-1509,-933
11924,-11204,-5264,-1297,-1310,968
10568,-11064,-5096,28,-203,-348
11416,-11476,-5592,-637,-177,1068
11228,-10552,-6000,433,-1230,-1696
12360,-11672,-6040,-685,-1023,956
11172,-9552,-4660,285,-261,-2569
11480,-12568,-5944,-1355,804,1079
10652,-10444,-5696,2137,982,-2128
12216,-10792,-5152,-2986,194,1846
11584,-10264,-6796,1262,927,-581
11200,-12464,-4208,-1490,274,-348
11004,-11132,-5596,-744,193,738
11232,-11472,-5972,-1065,285,-983
12056,-11120,-5564,-582,136,18
11560,-10888,-5520,-958,590,486
11376,-11512,-5252,-323,-375,139
11032,-11156,-5996,518,220,-253
11448,-11176,-5400,679,-696,-780
11548,-11456,-5320,578,-733,-518
11276,-11504,-5112,644,-186,-891
11636,-11444,-5412,234,-576,-603
11532,-10572,-5008,425,-3,28
11844,-11408,-5428,1044,-1083,-1145
11912,-11636,-4852,1213,-617,-683
11704,-10848,-4544,1053,-119,-707
12112,-11288,-4552,-341,512,225
11732,-11124,-5016,-764,793,-773
11996,-10424,-5796,-629,1151,-554
12768,-11408,-5524,733,554,-878
14684,-9744,-4468,2559,-1354,627
8696,-9816,-6052,-970,4214,2770
13324,-11604,-2036,7364,-9689,-4539
15344,-8896,-2116,3790,-3134,-2998
11968,-12108,-3828,-797,351,1507
12284,-11072,-3288,1620,-3016,-1846
13364,-10336,-3748,-1531,249,1084
11768,-11548,-3888,-3434,2025,1894
11584,-11392,-3860,-1332,-331,388
11760,-11852,-3612,-168,-884,554
13492,-9992,-3804,-1725,817,1082
11196,-11984,-5088,-3273,2766,2261
10420,-11588,-4248,-312,437,233
11780,-11056,-4868,396,-1951,-483
12052,-11588,-4576,54,-685,-693
10600,-12524,-4176,-108,-211,-164
11004,-11248,-4448,2227,-2576,-2242
12192,-10400,-4156,2894,-4601,-5042
13548,-10428,-4180,-435,-1569,-2436
12512,-9960,-4856,-4349,3574,1382
11048,-11788,-5024,-3497,3022,1597
12284,-11260,-5520,-1450,1127,542
12004,-10636,-5040,-894,1111,-97
11960,-10816,-4924,-1854,962,333
12036,-10752,-5724,-1918,1018,157
11860,-10660,-5168,-1294,740,-401
12220,-10852,-5392,-1412,-12,-33
12592,-10532,-5292,-380,-55,-739
12276,-10356,-4916,-554,161,-745
12124,-10420,-5428,-910,23,-498
11932,-10152,-5320,-500,-181,-1444
12968,-9960,-4996,-957,-255,-1273
12076,-10460,-4608,-94,-1499,-2149
13436,-9536,-5504,-1057,-353,-139
13708,-9204,-5532,-785,-166,-291
12864,-9228,-5612,-391,-1157,-740
12056,-10176,-5844,1530,-4433,-3242
14100,-6892,-7680,333,-1645,-779
12864,-8224,-6260,349,-2399,-1355
12980,-7960,-7000,-1478,-1850,613
12800,-9844,-7292,-842,-1368,794
12796,-8872,-6708,-601,-2949,-2174
12232,-8992,-7376,1064,-2557,-3017
12808,-7528,-8144,1249,-1903,-1503
12708,-7724,-8160,653,-420,-757
12356,-8600,-8216,110,-393,-395
12264,-7636,-7736,396,291,-699
12428,-7876,-8468,-239,-404,-349
12472,-7968,-7956,-522,-331,-43
12496,-8120,-8184,-222,-247,-529
12576,-8184,-8320,65,-224,-1104
12628,-7712,-8224,-284,101,-519
12612,-7696,-8232,-191,3,-246
12480,-8048,-7860,-143,-162,-388
12208,-6936,-7752,1124,160,-1636
12900,-7304,-8612,-628,-1141,-506
12924,-7700,-8792,121,-558,-1309
12312,-7380,-7952,-21,-415,-1505
12888,-7396,-8136,-490,-804,-1313
13912,-6452,-7964,-1707,890,-768
13032,-7240,-7972,-327,1140,-1381
12368,-7808,-7916,685,-804,-1366
13260,-6604,-7612,12,491,-529
13640,-6900,-8184,-243,909,-83
13704,-6604,-8296,-305,905,-117
