Walking
cis+⸮⸮9928,-604,14264,790,-775,-397
9732,-652,14168,166,488,117
9852,-404,14372,-39,-439,161
9784,-500,13968,156,-287,286
9876,-228,14156,-68,142,-105
10004,-308,13912,-856,63,-529
9876,-584,14200,-2138,-57,-914
9900,-952,13432,-3625,508,95
9700,-1788,13472,-2622,-2283,-167
9748,-1024,13224,-2637,-2616,-606
9936,-2060,13224,-4891,-2304,-686
12024,-2248,12852,-5338,-1243,-850
10508,-4152,13048,-8035,3279,1876
11484,-4892,11812,-2938,-1474,1163
11292,-7500,9832,-1780,-4052,4686
12796,-8920,10628,-5950,289,8982
10688,-9140,12652,3913,-5644,1822
10356,-10568,10812,1490,2467,2306
12936,-6204,9372,-1842,-3629,-3485
7392,-5884,8692,-9151,1783,-1712
4992,-7408,10216,-13532,-5128,306
11324,-12024,5908,-14209,-2714,10465
7980,-18736,5084,-4492,-8098,-122
11620,-10464,984,-4996,-14139,-5463
10436,-15676,1848,-5463,-9984,-1482
13712,-11548,-3060,-1845,-6526,-1116
12520,-11728,-1808,-365,-1961,-2184
14796,-9888,-5148,-396,-4032,-3148
14084,-10716,-5744,-3766,5403,1452
11756,-12552,-5548,-1592,4617,-2038
10804,-10388,-4288,5166,-433,-3012
12564,-8000,-4964,1598,-2610,-126
12620,-10308,-4868,44,-2365,3334
12020,-11752,-3100,-2329,1703,5516
12564,-11268,-3204,865,-4072,862
14484,-14364,-6000,627,-5964,-255
12536,-7568,-3216,3404,3444,245
8752,-16292,-2604,4311,6013,-530
9660,-10440,-1664,2494,2152,-2344
9216,-11588,-1152,2999,-4546,-4048
9376,-11036,-1580,3175,-8045,-5128
13948,-13828,-5776,-1512,-17910,-6384
15896,-9316,-8596,845,-10095,2684
13188,-10352,-5460,-6613,477,2375
11836,-11124,-5268,-2450,4648,4861
11752,-10312,-6016,616,3151,-656
10904,-10464,-5796,2133,1967,-11
11392,-10744,-7936,6036,-1068,-1967
12392,-12824,-8640,3041,-5466,-3032
9756,-6880,-3216,4708,2177,-1849
9608,-11572,-5480,-1779,-275,810
10824,-9104,-4408,-1893,-3805,-22
10248,-12552,-4656,-3743,-3843,2505
11548,-10536,-5888,-3699,-4139,-250
18780,-14820,-18652,-5485,-4252,437
11872,-11556,-11176,-7147,7418,3395
11852,-7596,-10268,-4290,6134,-3886
9496,-10336,-11352,1391,3983,21
10144,-5544,-9092,-1511,1526,-2981
10616,-8556,-10640,-6957,4700,9713
11340,-10460,-10400,1838,-1422,2310
11328,-8772,-8304,6680,-2618,-2217
14576,-13232,-15364,4213,-4527,-751
10396,-7448,-5356,106,-2080,-2628
12956,-10304,-6940,4934,788,-7853
11396,-9664,-4872,-5071,2940,619
11312,-10228,-5772,-3663,1388,1678
11176,-9768,-5824,-3241,2982,1865
11256,-10432,-6892,-2692,859,2167
12188,-9872,-7720,-1484,-2729,888
14908,-8312,-10080,-5556,-2130,5973
12996,-10220,-10164,-9892,7009,6759
10444,-10948,-11248,-3140,9053,4068
10480,-8596,-7028,2994,8138,-5283
10572,-8028,-7300,2538,2366,-146
12208,-9592,-7744,5622,-916,-1726
11260,-11856,-5888,3181,-4452,-2491
10728,-8404,-5576,-89,2317,-483
10148,-11104,-5772,489,45,-1092
10400,-9008,-3556,-901,-3151,1407
11080,-11020,-4428,-6357,-3443,7845
12404,-13956,-7816,-2628,-5135,3075
15424,-15040,-11584,-5400,-8416,-361
11836,-8572,-6768,-986,2100,-2121
12664,-13208,-9992,340,4234,-5187
11368,-10348,-9964,5289,3109,-7708
11680,-7908,-8272,-806,7440,-2889
9672,-8860,-7828,-30,4262,3280
9560,-10108,-8524,6569,-3093,-825
11500,-7684,-6992,6468,-7184,-2333
13812,-9660,-7280,3308,-4096,6774
14144,-12404,-11300,-4884,-9230,3
13164,-7752,-4908,-5831,772,7451
12188,-11164,-6500,-5394,3725,4192
12944,-7716,-8748,-8843,5755,2705
10448,-10752,-8484,-7146,7484,1234
11116,-8560,-7844,-1699,2384,-3187
11708,-10336,-10172,-584,2134,-873
9780,-7384,-6804,-8046,8110,4201
11716,-10080,-10200,-754,915,3872
10080,-7948,-8576,-4471,5408,1652
11500,-9616,-9248,-4320,4552,4321
10696,-10224,-8888,-1351,2905,3870
11084,-10544,-7156,147,-993,-366
12016,-11744,-9544,8316,-6616,-2577
9244,-7572,-4460,2150,-1769,-4270
11044,-10404,-6396,1322,-1145,-3139
10404,-9424,-4992,-2492,-2090,-154
10496,-10844,-5208,405,-5888,-793
13536,-11908,-7612,-210,-8027,-351
14780,-12680,-11764,-1849,-5921,-374
10820,-7660,-3312,3387,1790,-447
12848,-10896,-10644,-178,2706,-3179
11496,-8560,-6968,3,4282,-967
10160,-9712,-7940,985,4298,-620
10428,-9696,-8472,7941,-1023,-4417
10768,-9004,-7968,6598,-2720,-2451
12016,-11080,-7184,2886,-3735,3927
9764,-8848,-3400,2603,-47,-609
11364,-12268,-5992,2027,-2281,-2443
10196,-9412,-4628,189,-5139,-676
11720,-9760,-5096,2932,-6844,-1806
12456,-9496,-4928,-3567,-4482,4133
13228,-11988,-6604,-2530,-3612,2079
13216,-9940,-6880,2280,1309,182
11480,-9676,-7972,-1144,5734,-6236
12012,-10056,-9384,717,5527,-2515
10236,-9040,-7524,-1054,6382,-2752
9968,-8444,-6904,1232,1882,1002
11136,-8476,-8644,1677,-2713,2235
12400,-8680,-7420,402,-3294,3375
12348,-14044,-9652,6206,-6002,1345
11156,-8452,-4960,2834,-1893,-5906
11172,-10680,-5956,790,247,-2857
9984,-7724,-4072,-3461,-1831,1139
11652,-9984,-5712,-1738,-4539,2683
12568,-9984,-5576,-5235,-2785,3577
12864,-12524,-7588,1304,-3875,-3548
14988,-10364,-10208,2481,-1577,-7628
10484,-6228,-6436,-5440,769,-2278
11916,-9504,-12420,-2433,7668,2952
10652,-7804,-8180,-7784,9087,4783
10412,-8700,-7184,-344,5341,4276
11096,-9284,-9044,1491,-1059,2573
13540,-10596,-12792,3520,-1058,1098
12472,-9760,-7208,3116,-3414,-3512
11228,-9496,-7904,-1599,4759,-3058
9832,-9220,-3128,-371,2209,-1528
9984,-9564,-4680,-976,-2756,1019
11504,-8664,-4028,-1580,-5685,2012
13548,-12340,-7632,-2468,-4846,3767
15904,-10672,-9300,1438,400,2988
11376,-10416,-7316,-4476,4537,-761
11472,-11264,-7640,661,5887,2970
10484,-9560,-8272,2947,5083,-5300
10444,-8356,-7236,1511,4065,553
9908,-8908,-7628,3133,-1211,-710
10724,-10032,-7092,1317,-6824,-1037
13764,-12564,-10412,4063,-8015,473
9880,-8604,-4036,-1707,-3695,-556
11008,-12816,-6312,4034,-1495,-5413
10548,-9652,-4512,-386,-5853,-897
10444,-11796,-4568,2467,-7246,-738
13040,-11596,-7656,89,-8109,-1985
15088,-11688,-10932,-456,-4256,-2695
11904,-8784,-6576,-2344,718,-168
13228,-11328,-10300,2160,3129,-4193
11760,-9196,-8992,2873,5614,-6096
10696,-9512,-8624,-102,7923,-2626
9148,-8120,-5876,4065,1627,-1552
11724,-7912,-7624,5322,-3294,-355
15356,-12456,-13512,5926,-8089,196
11820,-10644,-6388,6424,-8061,298
9832,-8972,-6484,4843,-4235,-1398
11440,-9248,-4468,8564,-7162,-4369
11208,-10380,-6556,3224,-9140,-3092
12192,-8884,-4800,888,-8442,-2765
13812,-11316,-6416,-2971,-4918,1080
15120,-13724,-11384,2811,-4074,-7210
12400,-10376,-8212,-1748,-825,-1066
13024,-11588,-10832,-233,3762,-3074
10132,-10136,-8972,4962,6643,-6973
10704,-7700,-7036,4823,4403,-6599
9872,-8392,-7004,4853,-1081,-2664
11900,-7876,-6768,4110,-5353,48
14964,-16044,-14096,7365,-16341,-8071
14844,-6436,-6484,13960,-11182,-6961
11500,-7100,-5844,9666,-3238,-1471
12464,-7692,-7560,3676,-4111,-3449
11332,-7656,-5720,-393,-2267,1818
12340,-11144,-5188,-2091,-4000,4141
10880,-10108,-5604,2586,-7712,-4503
13372,-10024,-6456,196,-6584,-430
15584,-10292,-7304,6904,-3360,-727
12324,-10228,-9236,-3496,1485,-3843
12328,-10044,-8644,6098,5271,-5613
10888,-8348,-8392,2101,8092,-6293
11200,-8024,-7112,3962,3114,-2885
10864,-7948,-6624,3371,278,-1501
11796,-8056,-7628,3099,-4415,-937
13572,-8960,-6820,625,-5923,4813
14644,-13376,-9956,6999,-8822,3278
12116,-8004,-5332,2690,-5394,-955
11320,-10104,-6288,5114,-3976,-3905
10724,-7644,-5308,1838,-1002,-3363
11592,-10180,-5128,-132,-1940,-1030
11376,-9572,-5712,-1233,-3145,-972
12076,-11488,-5852,-4533,-2592,1347
14620,-13164,-12128,-3211,-2037,922
11572,-8316,-5400,1704,3469,1500
11956,-10704,-9356,-1258,6342,-3157
11860,-8644,-8584,1266,5807,-175
10580,-8848,-8336,278,7956,-1666
10456,-8400,-7236,321,3469,-406
10916,-9104,-7780,968,-2890,222
11584,-9192,-6424,603,-5676,1224
13196,-10876,-7640,7047,-9366,716
10656,-8116,-6464,-1986,-4557,-1995
12632,-8932,-4016,2258,-3237,432
11680,-9504,-6116,-2393,-1791,1958
11700,-8772,-5504,-2201,319,1199
12388,-10992,-7532,-5327,973,483
16488,-14048,-14692,-3032,-415,-2453
12924,-10432,-9968,-5022,7146,1497
11004,-8628,-9740,-3793,9628,-1326
9940,-7180,-6088,1535,5889,1787
11180,-7776,-8780,408,2564,1363
11184,-7924,-8252,2123,-112,-989
11648,-9316,-8524,568,-2464,683
13452,-10724,-8236,1897,-8239,742
9796,-7844,-4004,-3899,227,4116
11036,-12616,-6128,4253,-1614,-3653
11464,-8708,-5772,703,-3568,-2444
11700,-9408,-4840,-1427,-2036,1558
13360,-10520,-6512,-6898,-813,1736
16992,-9048,-12164,399,1047,2562
9872,-11360,-10492,-15138,15822,15514
11128,-8960,-6524,-1224,9864,4308
10304,-10524,-8612,2970,2462,-2070
11576,-6508,-8636,5269,1343,-4147
11300,-8984,-9204,-122,2054,307
11516,-10080,-6068,-149,-2465,-2678
9592,-9128,-4728,-2626,417,-106
10380,-12884,-5680,292,-2853,-2992
10212,-9272,-4780,-772,-5192,108
11160,-9832,-5932,-1731,-6160,546
12508,-9536,-6172,-3317,-4947,3134
13476,-12112,-8940,-3408,-2063,1710
16108,-11396,-14680,-7447,-59,346
10768,-8080,-9528,-11043,14778,7694
8656,-9632,-10312,-7386,18866,15650
8884,-10220,-6056,437,5490,3378
11776,-8852,-8156,4348,-4370,-2341
10396,-13848,-8356,7210,-12680,-8580
12420,-7556,-9088,10547,-6211,-10017
11588,-10520,-5348,6227,-4884,1392
10316,-7452,-7140,3294,-2078,-3974
11744,-10644,-7868,1350,-1518,-3360
10448,-9444,-5832,-1281,1089,-728
10340,-10816,-4976,433,-2228,-621
12164,-10476,-6712,2005,-4433,-3560
12344,-10532,-8212,246,-7525,-4521
11288,-6768,-8544,2507,-6782,-5964
10724,-10896,-9312,149,-4588,-351
10356,-9308,-6820,4778,-3709,-3548
13096,-3888,-9548,540,-772,-2862
11872,-9156,-9116,2837,-4247,-145
12624,-8268,-9360,3948,-3287,-749
11840,-8292,-8412,4378,-1513,-2404
11944,-9256,-9888,7591,-4970,-6798
10720,-6900,-6164,1400,-1885,-2918
11292,-13532,-8548,1396,-643,-4494
10996,-10104,-7276,-594,2189,-745
10324,-9776,-6020,1192,375,-531
11520,-8888,-7248,785,-1963,203
12508,-9656,-7728,829,-2877,-503
13480,-9028,-8404,2567,-3936,-814
12916,-5720,-7088,-3124,1129,2996
12320,-10240,-11048,-5767,2913,4455
11868,-7140,-8304,-6680,7107,2625
10708,-9412,-9848,-5860,7794,4211
9924,-8132,-9256,200,4984,561
10688,-7260,-8752,823,371,136
11904,-10084,-10736,2357,-1741,3126
11832,-8872,-7920,-497,621,991
10080,-10952,-6988,-277,495,-1619
10508,-8808,-5108,-42,890,-2066
10872,-9536,-5980,-377,-1165,-1364
11724,-9664,-7224,-3350,-2055,248
12392,-11548,-10368,-2919,-4622,-2576
12084,-6156,-8640,170,-2828,-667
12224,-8524,-10880,-4568,2399,3211
9780,-9824,-9512,-1499,3325,2019
10176,-7384,-8268,1203,680,-363
12368,-7324,-10100,62,-2527,2161
11916,-8948,-9876,-2319,-1348,3354
11676,-12228,-9700,2418,-2322,-3194
11552,-8776,-8852,9344,-3307,-4997
9112,-7856,-6796,2094,1172,-2367
11168,-9428,-6500,3465,-2614,-4831
11976,-9152,-6480,-1291,-2046,251
10944,-10432,-5832,-1340,-155,-290
12336,-10780,-6636,-1473,-2227,-1384
16220,-14284,-13888,3307,-7837,-1514
11656,-8820,-9056,1263,-217,-1635
12380,-9516,-9116,-665,6387,-1800
10820,-8884,-7520,-149,4762,-2167
10592,-7056,-8240,555,3749,553
10840,-9564,-6696,4461,471,1454
11868,-8832,-8576,5273,-3529,-329
12272,-7988,-7432,2815,-2873,713
15064,-14072,-18628,5371,-6532,1016
10304,-6288,-1384,2673,-2065,-4666
10944,-12160,-5924,-1479,-2501,3885
10908,-9880,-4768,1603,-5041,-4653
11648,-10904,-4396,642,-5252,-1957
11660,-10244,-5216,-5270,-2264,532
11576,-10736,-6636,-1865,-4808,-663
15932,-11952,-11624,1669,-7587,-4318
12160,-10992,-8436,-3330,-115,-3362
12232,-11300,-10384,5388,7120,-6305
10376,-9604,-8204,3885,6592,-5299
9972,-7468,-7120,6559,2204,-933
10984,-6732,-7524,4048,-3137,2071
11728,-8972,-5996,1996,-7909,2960
13344,-11852,-10116,8053,-13256,-2670
8840,-7192,-4400,1535,-5631,-473
11200,-9696,-6916,5045,-8955,-6355
11408,-9772,-6504,-1714,-6571,-46
11724,-11020,-7048,-798,-3709,-2031
12912,-11504,-6600,-1529,-3161,-1831
12780,-11976,-8204,-1243,-3650,-2971
13036,-9372,-8972,4743,-1956,-2696
10404,-10696,-10080,-212,4384,-4126
10972,-9688,-11648,2039,7130,-3825
9500,-8980,-8580,2132,5811,-5204
9936,-7436,-8088,3749,2495,-1937
10332,-7732,-8456,3661,-2135,-665
11288,-9200,-8060,766,-7155,2376
13784,-10900,-9512,9209,-10337,-2879
10880,-7968,-5120,-2156,-3794,3175
11328,-11212,-4312,1534,-2053,-2767
10812,-9916,-5004,1586,-3132,-4033
11248,-9704,-5548,2018,-5149,-4127
11632,-10072,-7088,-1293,-5747,-3292
12040,-8976,-7168,7125,-5278,-4629
13180,-8172,-7448,3091,-305,-10159
12968,-10896,-11156,-72,6785,-2523
9620,-10608,-8392,11216,3242,-10643
11812,-6192,-7420,8761,297,-3747
11916,-5092,-5480,5720,-4022,730
13380,-11068,-4128,16121,-16243,-4914
19736,-2392,-8976,15752,-6151,-7012
16884,-11064,-12264,3036,-6214,-5636
12700,-8100,-4044,4465,2959,3713
7816,-8144,-5956,-150,5320,-929
11348,-8160,-2248,2181,-5787,-3801
10536,-12400,-5620,-2442,-6128,4157
11696,-12376,-5660,7926,-14317,-4797
16772,-10348,-10408,2189,-16191,-2994
11888,-9496,-5160,1569,-785,4601
14000,-9336,-9396,5763,-2143,-7731
13420,-9624,-9448,3144,6088,-5425
12392,-9272,-8536,1152,7702,-7218
11632,-7464,-4064,-3817,14698,4420
13804,-7332,-3772,584,366,-5040
12752,-10472,-2968,-359,2499,2415
15908,-12988,-8324,593,-4718,976
12492,-8100,-2032,7349,-3391,-1668
13436,-8240,-6928,4339,-832,-3486
12720,-6236,-2520,2754,-4118,-3188
12756,-9180,-1992,-103,-2977,267
12612,-9440,-2048,375,-2469,332
12332,-8308,-2584,156,-4568,715
14216,-8324,-4088,-3507,-4618,2542
19624,-15760,-13120,-850,-2977,2284
11412,-7672,-8684,-422,-3229,-4924
12648,-8740,-7040,3414,-2151,-5849
13456,-5904,-10348,-7791,3529,5556
10760,-9788,-8116,-2175,3210,3726
11328,-8208,-8024,-134,1356,3321
12716,-9328,-8912,2266,206,215
12404,-9440,-7028,4642,673,-1569
12492,-9552,-6972,573,413,-2855
9840,-9492,-6300,1124,305,-3154
11408,-8388,-4432,-1345,1515,876
11596,-11528,-6896,-4277,-2249,2993
11544,-8328,-3304,-5741,-3777,6047
12876,-11984,-8792,-6955,-2797,6001
14572,-10560,-11912,-3491,-2480,-473
12404,-9908,-9264,-10631,4291,3747
9516,-8772,-8864,-3425,2744,2798
9324,-6260,-13488,-5450,5372,91
9692,-8756,-13684,-6241,15574,11295
8128,-7768,-7036,509,1087,-4970
10740,-6756,-7916,86,260,4672
10488,-9604,-9764,7764,-7366,-3029
14240,-10804,-16660,8733,-9185,-8129
12404,-4944,-4496,5195,887,-1653
10008,-9708,-8264,-5713,5025,4935
10368,-8232,-6340,-2910,978,-988
10588,-9864,-7736,-10087,1475,4745
9628,-9456,-10036,-6657,2828,5131
11476,-9144,-6840,-6834,-732,2966
9716,-9944,-11496,-5266,1274,5131
11176,-8164,-9580,1522,3618,2635
8152,-9156,-10788,-296,841,-1093
9248,-9332,-12740,-341,2155,-916
8212,-8680,-10212,-1130,2725,-3156
10112,-8592,-9804,1844,3871,303
10360,-8468,-11588,5114,-403,-1164
12324,-8244,-12244,2208,-434,283
11012,-8988,-7876,3328,-665,-442
10368,-7032,-3400,10903,-4175,-1492
10376,-9664,-6664,-1948,1806,-1274
10972,-11496,-5684,1847,2599,-2227
10544,-10500,-4452,-129,722,-1999
10252,-9880,-3528,163,-1383,-816
11532,-12616,-4796,2097,-3636,-1874
12712,-9276,-6356,2541,-8257,-3400
13660,-7608,-7856,3257,-5984,1323
9460,-10192,-10944,-10487,5377,8214
9384,-9208,-8504,-3431,2430,4265
9292,-9952,-9680,-3047,2157,3543
9132,-8568,-9144,-137,200,3505
8616,-8904,-11544,4228,43,1883
10532,-8796,-11476,1315,636,1580
7568,-13424,-7192,10165,-4121,-9153
9572,-8616,-3088,-221,1304,-2143
10788,-13332,-8168,-1827,5705,-3607
9984,-11572,-4616,-4370,4695,1992
10112,-11348,-6340,-3547,2448,1712
11596,-9920,-7520,-4503,3356,1994
10596,-9476,-7576,-4901,3793,3508
11172,-9484,-8220,-4643,2347,2861
10764,-9748,-8904,-4123,1304,3128
10972,-10396,-8852,-3150,177,1896
10812,-11556,-10364,-658,-2329,2759
9128,-9476,-8920,2939,-545,-934
10216,-12496,-10672,-2073,2406,778
9392,-11624,-9744,4055,3509,-2892
9364,-10376,-7932,1716,360,539
10528,-9880,-7660,5388,747,-1768
10296,-9716,-6756,5656,-612,-1377
11172,-9248,-6964,3372,-148,1971
10468,-13896,-6132,1282,-1875,3631
11612,-10768,-5520,-134,-233,-4071
10836,-11656,-3136,-1373,3996,-770
9948,-11952,-3024,-3392,2466,2047
8372,-10172,-2472,1813,-4117,-1749
11424,-8004,-4996,14,-7590,-2215
12232,-9864,-6436,-6318,-4073,436
11736,-12456,-6624,-4944,-1559,2148
12712,-13924,-8584,-16,-3967,-2480
11472,-7396,-5632,-4440,4244,1454
11680,-13176,-11572,-544,8242,2305
11264,-8460,-8360,585,9210,-5264
12144,-10068,-10392,4069,8569,-4227
10360,-7540,-8012,13469,4753,-3307
9908,-7044,-6344,2918,-3158,-339
10652,-12128,-8828,-1581,-6221,5508
11000,-6912,-2256,6593,-6135,-6565
13256,-10568,-6284,-5739,-5672,8640
12372,-9924,-6160,-2788,-5389,1578
12832,-10024,-5496,-981,-4229,88
13128,-10012,-6504,-2149,-1824,-1822
14080,-12540,-8884,-1805,-490,-4089
13724,-10328,-6228,228,2761,-10
11596,-11412,-7964,643,3393,-27
12056,-6448,-10200,-6680,12397,5425
7692,-12092,-8516,-854,4816,10
8680,-7916,-7900,2511,1042,-3354
10700,-7148,-7284,1624,-2579,-250
11156,-9524,-7500,354,-5711,3146
12820,-11768,-7504,2428,-4516,-1698
12796,-9592,-6676,7140,-2341,-1128
11860,-10608,-9020,-4374,-935,319
10908,-9300,-5732,1022,2070,-4667
11028,-9652,-5784,-3341,1485,585
13388,-10408,-6236,-4522,5921,5240
10080,-12388,-5148,-1191,8047,5664
11580,-11640,-5828,5970,30,-6316
12000,-9900,-2428,3775,29,1949
11864,-11784,-8008,4930,4207,-1836
11116,-9844,-5056,2505,847,-3031
11252,-9952,-3036,1943,1535,1432
11840,-10516,-2896,3738,-2256,381
13500,-9956,-4404,3315,-3721,757
13996,-12180,-6124,2715,-3347,1733
12828,-11336,-3996,4530,-7790,-2452
11140,-10064,-3760,-3525,-2257,-413
11188,-11620,-2740,-798,-648,-1440
11976,-11612,-2612,-2650,-2186,-1455
10888,-11184,-2936,-3074,-1356,109
11372,-12304,-5180,-1991,-4623,-1793
11872,-11324,-5652,1469,-4644,-3017
13284,-10912,-5052,8644,-1775,-4354
13796,-12412,-12144,1031,-492,-5821
12848,-9784,-6956,120,1984,-2884
10496,-9320,-7196,-2173,5335,900
10508,-9360,-6672,882,825,408
11224,-8728,-6316,1704,-4254,872
12372,-9000,-6948,1772,-5229,3845
13440,-12576,-9920,3541,-7941,-131
11280,-8860,-4596,4413,-5081,-2812
10048,-11064,-7324,-368,-815,-3101
9748,-9700,-5844,1177,-1486,-2983
10348,-9804,-5380,-1519,-2332,1368
10544,-10300,-5112,160,-3386,420
12416,-11140,-7028,1431,-3882,-1303
14308,-12864,-11620,676,-4308,-4712
12212,-10116,-6952,3869,1024,-5857
12424,-12368,-8964,883,5865,-6065
9608,-11404,-7320,7767,6364,-7235
9752,-7484,-5464,9264,2107,-6009
10424,-6748,-4992,5687,-5821,1548
12248,-8620,-6848,4778,-9118,5121
14640,-11932,-9964,5913,-10088,2432
11424,-9572,-4268,1752,-2807,1861
9880,-13264,-5184,5798,-2585,-4798
10392,-8996,-4372,4279,-6923,-4959
11912,-11040,-6004,4246,-10193,-3030
13024,-10700,-5148,-2498,-7682,510
13952,-13552,-8364,563,-4010,-249
12392,-11552,-6196,2586,-875,-6964
13432,-13828,-9232,16,5420,-5305
10360,-12352,-9276,5933,9278,-10052
10484,-7876,-7216,9102,7295,-7834
10160,-6476,-4320,5740,-1945,-348
11620,-7016,-4600,6054,-8000,1963
16372,-12312,-11556,-3502,-13466,6531
11636,-12320,-5108,4026,-12808,2759
12308,-12092,-6056,4497,-7436,-2577
10848,-8988,-4332,5961,-4866,-5466
10164,-10316,-3504,4602,-5360,-3976
12300,-10340,-4816,2302,-5133,-3706
13336,-13468,-6072,-669,-3699,-2132
13088,-10460,-6248,3138,-5169,-4629
12720,-9292,-6192,879,842,-4311
12388,-12888,-9404,848,4600,-2037
10376,-9264,-6556,2291,5045,-4356
10784,-8652,-6088,2803,2835,245
11400,-7856,-5924,1499,-1031,1005
12524,-8568,-6808,-112,-5231,2161
14224,-13104,-11908,1301,-5919,2370
12820,-11024,-5728,5805,-5839,-1443
10304,-11324,-7780,821,95,-3360
10916,-9112,-4832,4564,-422,-5195
10788,-8260,-3924,926,-1002,-2209
10204,-9636,-2340,-2407,-4742,-513
13848,-8204,-6652,-5111,-6210,1175
13632,-11336,-7304,-3320,-3953,144
14804,-12228,-9252,-332,-2576,-1428
13128,-7344,-7704,-2232,3334,969
11436,-9956,-9576,-1495,8589,1675
11488,-8360,-9840,-1831,6751,-2107
10648,-8144,-9304,1674,6750,-1087
10728,-8680,-9464,2424,4354,-1564
9928,-6912,-8424,5036,-3076,-4271
13452,-5684,-7512,-1522,-3211,1429
12900,-6104,-9136,-4209,-1991,7609
13052,-12604,-9052,1663,-2563,9196
11152,-11204,-4624,-595,-8626,-168
13528,-10800,-5604,4095,-676,-3041
11116,-9052,-5708,-2556,5130,1145
11044,-9020,-4460,-3233,2565,1135
11300,-9500,-6304,-6072,3385,4090
11904,-11052,-6728,-3014,2532,-726
13584,-12052,-8124,-5113,771,234
14108,-11420,-9372,-2256,1095,798
11188,-8280,-6576,-4907,5498,2154
11688,-10008,-9172,-2943,5134,2328
10552,-8564,-8692,420,2522,-989
11240,-7904,-8124,-712,1666,3208
11220,-9556,-8828,1207,-647,1342
12232,-9280,-8196,2939,-2241,-272
12348,-9924,-6880,775,-2333,2279
10724,-9384,-4568,959,-395,1497
11660,-10644,-5680,-43,-466,-3091
10904,-10340,-5524,-1061,2830,-774
11620,-11676,-5564,122,1987,-2507
11240,-11720,-5452,-1777,3555,1695
11388,-10432,-4036,228,-45,-1269
12124,-10244,-4184,-1599,455,1304
13364,-10844,-5488,484,-4030,-1516
12052,-9776,-5640,1302,-1646,-1892
13404,-10388,-8220,2029,-1357,-3884
11684,-8400,-6284,-1544,2620,1491
11892,-9144,-7016,266,1039,945
12488,-8764,-7524,2431,-762,-1047
12528,-9052,-5900,715,562,441
12460,-9600,-3848,-1518,-2780,2725
13272,-10548,-5228,1556,-1618,40
11872,-10768,-4460,-2113,2399,1888
11064,-11792,-3300,769,2694,-3182
10584,-10136,-2916,-3575,2019,2303
11080,-10596,-3444,-2070,145,1433
11820,-11120,-4780,-2135,-276,854
11180,-11136,-4444,1015,-870,-3100
15140,-13528,-12656,1839,-6630,-7348
12312,-7024,-4020,1108,-4608,-3634
12064,-10776,-8236,-5527,1037,4843
11108,-9168,-8608,-3308,795,-329
10760,-10272,-9796,857,1258,-642
11760,-8528,-9364,1797,-729,-1334
12256,-8192,-9788,1225,-459,1683
11860,-11068,-6332,-1700,-326,6316
11528,-11444,-9716,9541,-4316,-1015
11352,-6992,-7480,1680,-2070,209
9276,-8972,-6748,-9558,2105,3910
8504,-10452,-7768,-8801,-892,3327
8008,-12408,-7856,-4830,-3023,-86
9060,-11700,-11204,-4767,-2717,979
7356,-11788,-12456,-7416,-2222,4458
6384,-8160,-7796,-1862,-2269,-2553
10000,-8636,-14208,2733,-1353,-4329
5596,-9504,-9732,-1488,1927,2444
9488,-8036,-11156,5104,-3264,-6571
10260,-8844,-10024,4242,-2856,-3420
10680,-8848,-8880,4921,-3058,-4603
10952,-7716,-9820,5209,408,-1345
10348,-14544,-11584,1888,2281,4149
8520,-8248,-6524,2450,1466,-4691
8220,-11596,-7528,1792,-2131,-3098
10464,-10936,-6804,-2218,658,709
9620,-10472,-6944,1550,91,-1696
11152,-9128,-6416,220,-1550,-3028
11148,-9740,-7256,-1722,-2,-430
12848,-12944,-9396,-5318,-770,1129
10940,-10076,-11984,3426,-6617,-4280
8772,-8952,-11164,-3711,2402,1666
8128,-10324,-9992,-3175,2186,3885
9040,-8036,-9400,-1897,1357,3075
10308,-8680,-10264,-81,-1310,1460
9476,-10380,-13300,-1186,-5119,4509
7468,-14376,-14100,-11750,-2451,20887
4616,-7200,-6884,6114,-262,-6804
4552,-10684,-9040,4874,137,-7380
8000,-7340,-7920,6176,-5946,-1690
7956,-11196,-5036,-11624,32767,3657
4740,-14296,-9276,-9551,1362,18688
5884,-14464,-7968,-164,-2368,-5874
6932,-11984,-11096,5507,-3568,-10431
11972,-9664,-15820,4169,-761,-8308
5744,-9480,-16352,-3686,-6741,1983
5688,-9804,-11716,45,-775,1817
4408,-10336,-12020,4594,-59,-4306
8120,-7284,-8540,6349,-3310,-6157
7708,-11548,-11300,2986,-4126,2097
5816,-15248,-10660,4136,-4555,-1806
7228,-10736,-10020,12256,-1208,-5886
2908,-14536,-7956,-60,-4215,4534
4260,-14128,-7648,7292,-4086,-5967
5868,-10776,-5676,4375,-3336,-3432
6268,-14488,-6516,-310,-4212,-2640
8696,-14516,-6260,2232,-3755,-3895
9424,-13520,-6136,-2260,-1556,-1451
6612,-15328,-6068,1506,-1664,-4229
9744,-12880,-6484,3490,-1684,-6469
10324,-11796,-5688,-1238,1681,-2219
9168,-11052,-5956,3156,-2916,-5399
11448,-9904,-6568,72,-2884,-5246
12232,-10744,-6700,-3705,258,-1736
11716,-10788,-7080,-3710,2133,-1478
11776,-10068,-7160,-3051,2810,-1118
12028,-10236,-7348,-1555,2757,-1897
11936,-9284,-6864,-372,-172,-3434
12660,-8056,-7508,-5022,1657,3453
12648,-8560,-7204,-4790,50,3502
12160,-9472,-7116,-1207,-710,2575
12904,-8540,-8100,3940,-4562,-4384
14468,-8792,-11540,1679,-1551,1120
12460,-8296,-7328,-3523,1168,1309
10512,-9200,-7020,-4681,5192,3677
10740,-9600,-6784,-4553,4693,-848
11356,-10020,-7404,-3078,2856,-1595
11448,-10744,-6672,-1251,37,-2729
12316,-10212,-7560,-2313,-1446,1442
11088,-9276,-5864,-1976,-1629,1653
11560,-9096,-6184,-3344,-4588,4079
12788,-7588,-7060,2280,-4086,4554
12996,-9872,-8952,-3589,2843,2978
11532,-10072,-10096,4371,4528,-6718
8940,-9576,-8532,2192,2891,-5779
10656,-7216,-7680,4800,1207,-2052
10800,-8896,-8428,3147,-1582,590
12600,-9912,-9560,3230,-1760,611
13124,-12164,-11164,8413,-448,2636
10432,-6676,-4896,4157,507,-1722
10428,-11412,-5904,5402,-1263,-4871
10792,-7504,-4288,-976,-3272,-339
11160,-10784,-5004,573,-4692,-1273
12464,-10352,-5960,-1769,-5147,-735
14076,-12988,-11132,-1341,-6146,-2749
10188,-7740,-6152,1051,-1741,-2249
11728,-10044,-9592,390,-2537,-4622
9640,-9288,-8708,-2043,2093,3493
9480,-8536,-8616,3716,-165,-2970
10364,-8776,-9976,4295,-2532,-1112
12112,-7872,-10044,3032,-2017,752
13076,-10856,-10632,-1350,716,3820
8456,-8996,-6620,2485,3883,-1011
10860,-10820,-7740,4810,2442,-9852
10104,-9076,-5784,3281,-557,-5975
11184,-9364,-5336,2279,-2849,-2817
12368,-11132,-6468,795,-4684,-1583
13844,-11844,-10676,3886,-9612,-4662
11552,-7436,-7976,3170,-6192,-3154
14120,-11148,-11448,4095,-3302,-5602
10888,-8684,-8212,5568,926,-7332
11608,-7508,-7716,4135,-349,-4018
11184,-8620,-8220,8894,-3488,-5065
12564,-6680,-8640,7887,-4905,-3192
12848,-7640,-7788,7261,-5832,-1455
14172,-9588,-10124,4288,-7684,-685
11272,-8088,-5848,12616,-8685,-3641
11256,-7580,-6916,5901,-6312,-5072
11348,-7032,-4512,5062,-6231,-3432
11872,-8688,-4688,17,-5699,118
13668,-10996,-6676,-1122,-3879,-180
12560,-12096,-5604,2642,-4149,-6597
13444,-10244,-6056,5990,-3900,-4638
13252,-10796,-10460,3435,-61,-9961
10788,-9708,-8172,10008,1222,-8458
12024,-7148,-7680,6062,1137,-5797
10828,-6968,-7320,7126,-4719,-2616
12688,-7888,-8440,5523,-8825,733
13816,-9820,-9704,6909,-8092,1683
15088,-12948,-14608,17247,-11990,-8450
11044,-3868,-2344,6499,-4756,-2696
10816,-10776,-6024,13447,-3312,-9526
12864,-4572,-5248,2092,-3526,-5326
11808,-9612,-4208,-4481,1437,4739
14036,-10812,-4252,-6154,2253,5021
12628,-10376,-2276,-2287,693,-892
12888,-9744,-3480,-2065,-2332,-168
17708,-11544,-8212,-5186,-4731,1824
13816,-9832,-8832,-7073,9702,4806
12676,-9832,-8116,4978,7150,-5128
11464,-7964,-8300,3665,10718,-6932
11548,-7160,-6316,-1582,9112,3718
12936,-7676,-5816,2044,756,1238
12960,-6796,-3812,-239,-867,3139
13892,-8664,-2948,-5433,-5201,4494
14164,-10112,-4816,-6101,-175,4238
17692,-14852,-204,3048,-2703,-9174
11424,-11196,-1488,-39,-1092,-4051
12512,-9156,-3980,-3397,68,-185
13356,-9312,-4948,-3990,-594,-518
14892,-11316,-7756,-3185,-3650,-890
14616,-7560,-8172,-4260,-2801,-357
14256,-9544,-9984,-4259,1655,3104
11316,-7592,-6536,1975,3326,-519
11228,-5812,-7168,1633,509,572
13416,-7892,-8480,-1496,-2346,5142
13812,-8820,-9472,-396,-1422,4691
12324,-9892,-5596,2273,-1088,1523
13228,-9804,-5880,252,895,670
9656,-11404,-5044,-2760,3617,2159
11800,-9372,-6340,-1508,2418,-2482
9896,-10660,-6288,-5404,3748,242
11724,-8888,-5540,-4099,-1186,-1402
12528,-9196,-9836,-8135,1065,5470
11184,-9256,-4364,-6996,1753,2419
13792,-10908,-11732,-9628,2478,7735
12524,-10028,-10932,-3937,1127,55
10612,-5320,-9568,-3303,2185,-1404
11824,-7640,-13380,-4551,7208,3534
10480,-8520,-11420,312,5878,-6849
10340,-7668,-6148,-1094,6692,2352
11008,-7080,-9696,3916,-1582,-367
10712,-6068,-9176,3506,-4832,3844
12304,-8220,-13716,4310,-10450,3290
14724,-8744,-6564,1971,-7082,3485
11280,-10856,-8548,-6592,78,6498
11312,-13672,-3128,5169,-1793,-6565
12412,-8412,-6332,1166,-1988,-2767
12784,-10128,-6572,-4478,1891,2239
12308,-9656,-7140,-5522,3835,1714
11452,-9660,-6796,-5068,3150,-1338
11520,-5992,-4232,-3282,5514,917
12420,-13080,-14396,2187,7393,-608
10804,-8008,-9800,-1310,8178,-6508
8468,-8112,-7604,1916,4728,-677
14188,-5972,-6160,2079,1209,2067
13604,-10752,-6916,3430,-4585,3761
12964,-7880,-2752,2348,-3591,1534
10584,-11800,-8520,-1378,-646,3377
13200,-7048,-1508,2741,-1963,-3839
12528,-11500,-4024,-1957,116,4176
11272,-9268,-3248,2848,-996,-4026
20284,-12260,-15336,11051,3952,-7772
11824,-10068,-8000,512,2234,-6148
10744,-9196,-7192,8117,-2501,-5683
12284,-6224,-5328,1159,-799,295
10412,-8612,-6584,-1359,-1421,4543
11352,-9100,-6796,3640,-6867,4030
14852,-9452,-9264,2430,-7254,4172
13964,-10216,-6860,1173,-2089,3803
12772,-9372,-6296,-869,1387,-1333
12376,-10756,-6120,-3037,4382,-5020
11180,-10080,-4296,-6556,5489,-234
12080,-10156,-4136,-7850,3720,3872
11588,-8304,-6048,-8267,4822,4691
12916,-11412,-6348,-2405,343,2147
13696,-10536,-10128,-1488,-78,-2091
12312,-8792,-9788,2250,-1204,-5966
13812,-6752,-9636,-13793,-226,6031
10644,-9336,-7684,-10013,6108,11234
10396,-10000,-8924,-2050,3616,2039
11180,-8964,-9352,6674,-1916,-4487
11492,-4692,-8708,2264,53,-3891
13856,-2104,-9392,6465,-905,-4852
13188,-2428,-6024,-8091,-5657,2676
10088,-10776,-4012,-9591,-163,6002
11516,-9184,-4212,255,-6876,-2130
12700,-9788,-6444,-3500,-2496,368
13212,-9900,-5732,-4708,205,2614
11596,-9892,-6320,-4427,1024,2906
12776,-9840,-7544,-1864,1144,-316
12360,-9756,-10876,-2497,-1569,-718
13340,-5952,-6304,-1749,4039,4805
13688,-13444,-15580,2462,2455,-228
9256,-11928,-7796,-1432,8433,-3787
10020,-5432,-8196,-844,7251,-1675
7612,-7896,-7248,-1329,2569,5414
11716,-9048,-10588,-795,-7735,1430
12536,-7636,-6416,-2466,-3676,3383
10732,-11096,-7696,-3127,-498,1760
12900,-10812,-7024,-380,94,-4597
11076,-10932,-5568,-1600,-341,-1714
11012,-10636,-4156,-324,-4244,-601
11324,-10908,-6260,-3533,-2924,3136
15568,-13648,-14476,2414,-6667,-2662
11512,-4948,-8024,-4756,3832,673
11044,-9728,-10860,-2651,5431,510
10668,-7536,-8356,-357,2668,-1755
10204,-7468,-8404,604,3031,-696
10888,-7832,-9560,3146,-1956,-458
12024,-8236,-10396,5784,-4072,-1081
13248,-8940,-10236,7379,-7136,-1475
9496,-7604,-5292,417,-251,-598
11448,-10680,-7152,2869,-2566,-4486
11124,-8048,-6068,-1279,-537,-773
10832,-9820,-3708,-2421,-1880,2188
11140,-9712,-5684,-1560,-3427,2080
13672,-12952,-9284,-1132,-7472,-1315
11484,-6188,-5100,3202,-145,-3309
13420,-10780,-11344,3125,4517,-1949
12436,-9736,-8648,635,6257,-6261
10676,-9388,-9568,3856,10441,-3387
10136,-6880,-6528,8948,427,-7053
12040,-4020,-6048,6288,-3551,-436
14580,-8080,-11072,2393,-5946,7044
11404,-9292,-4208,-8796,-3777,7844
10628,-12828,-4984,-1543,-4913,2816
10876,-8472,-6072,922,-6199,-1684
12008,-9784,-5956,1581,-9697,-3265
14616,-9380,-6692,-3706,-3846,5401
13668,-12384,-11908,-6276,-3005,-1340
10980,-7896,-4760,4136,6614,-953
14076,-11244,-11920,28,8650,-5182
10860,-9008,-8852,4999,6561,-6867
10224,-6112,-8472,2508,7117,-4940
10668,-5560,-6352,-2172,1447,4044
11764,-7516,-6292,-1663,-3200,5739
14832,-11868,-10444,11,-8324,5709
11400,-9184,-5532,-1197,-2126,247
11928,-11468,-7376,-252,424,-3218
10332,-9296,-5120,344,-1667,-2128
10788,-9460,-5396,867,-3592,-1138
11920,-10856,-7204,-1148,-4710,-726
13456,-11552,-11080,2796,-6457,-4562
13220,-6564,-7452,1621,-2680,-619
12568,-9996,-9208,-1843,2896,29
11924,-8800,-8804,2554,4007,-1704
10952,-8076,-8560,893,4056,-3408
11212,-7856,-7556,1834,424,-1268
11356,-7456,-8108,2436,-1851,-1033
11864,-8644,-6704,-1618,-2145,3966
12196,-11656,-9800,7268,-4961,-1658
14044,-7580,-6276,4918,-2994,-3419
10056,-9844,-8464,911,1391,-3303
12780,-8084,-5000,1894,-3533,-3089
11812,-9956,-8264,-1774,-941,536
12788,-10576,-5908,-2098,-249,-371
10416,-10696,-7628,2356,13,-2087
12800,-8396,-7560,9969,-4291,-6381
11760,-7916,-7760,-1854,-448,644
11876,-10212,-8908,5206,-4940,-3168
12540,-7440,-7928,2721,-3172,-2150
12256,-9676,-8676,2587,-3069,-767
12472,-8428,-8684,8440,-4219,-4622
12964,-7744,-8056,5753,-2350,-1543
12708,-7636,-6396,6205,-3281,-346
13564,-9136,-7636,6179,-4637,-839
12580,-8024,-6260,3043,-4862,-2636
11704,-9456,-4696,1564,407,1477
11252,-11108,-5344,3723,-998,-2933
11920,-10524,-4640,1802,-2026,-2273
11212,-12016,-4372,4241,-2451,-2364
11228,-10668,-4624,4170,-2298,-3334
11908,-10500,-4936,3893,-5119,-1810
13388,-10164,-6236,3617,-7920,-2326
13108,-9768,-6324,4469,-8355,-3914
13308,-9256,-8096,-898,-2348,-3203
12572,-10648,-8560,6699,-693,-6216
11928,-8464,-7020,3002,1783,-6520
12704,-7304,-5508,3081,712,-2969
14184,-9484,-5292,1624,2390,1106
13092,-9576,-4164,7443,-830,-2590
13652,-8044,-2916,4934,-1212,39
14928,-9192,-2480,8046,-5166,1342
15460,-9184,-4476,1028,2402,2245
11532,-11792,-2388,6655,2021,-3192
11964,-8032,-256,1827,1673,-2099
12000,-9908,1160,-30,1317,-1142
13976,-9980,1060,-2136,2462,-1344
15212,-10328,-756,476,4856,-1336
15476,-8820,-324,921,1161,-3112
15456,-7912,-1112,-1918,2229,-560
13292,-7580,348,-476,2391,-379
13692,-7884,620,-822,-1157,515
15504,-8064,548,-869,-720,1504
16016,-8012,1812,-141,-2862,-1253
16100,-8988,20,168,-1485,-688
16168,-7716,-828,1650,-1156,-2063
13696,-6920,-920,994,1813,-1720
17080,-7484,-2180,1020,575,-2339
13584,-9036,-344,-3985,6672,3654
14720,-8356,-132,-2732,-1285,-3280
13212,-8448,5304,-2452,3982,-4408
18144,-4152,-1312,3533,-247,-3783
16848,-6940,-2456,-1750,1880,-3497
13552,-9248,2196,-5666,338,2171
16696,-5824,-1356,-224,-396,-189
16672,-6704,-2700,-1429,122,-2263
